"","OBS","ARIMA","ETS","NNAR","FTS_GA"
"1",0,0,6.93889390390723e-17,NA,NA
"2",0,0,6.93949693120581e-21,NA,NA
"3",0,0,6.9401000109034e-25,0.420159693529897,NA
"4",0,0,6.94070314301282e-29,0.420159693529897,NA
"5",0,0,6.94130632753247e-33,0.420159693529897,NA
"6",0,0,6.94190956447276e-37,0.420159693529897,NA
"7",0,0,6.94251285383875e-41,0.420159693529897,NA
"8",0.142857143,0.00718720296674899,0,0.420159693529897,NA
"9",0.428571429,0.174990607228726,0.142842856044194,0.579872673849025,NA
"10",0.571428571,0.487781204342278,0.428542853659569,0.878267809686747,NA
"11",0.714285714,0.640211405738409,0.571414281186512,0.995430344286724,NA
"12",0.714285714,0.787438909895481,0.714271425615089,1.13400979310619,NA
"13",0.857142857,0.783192751895439,0.714285712571037,1.11253487947977,NA
"14",0.857142857,0.930348953941735,0.857128570044052,1.27261917251541,NA
"15",1,0.926134539758688,0.85714285557118,1.25110031806675,NA
"16",0.857142857,1.07137140132109,0.999985713044051,1.4112583752434,NA
"17",0.857142857,0.913105690603973,0.857157142526986,1.22958143384835,NA
"18",1.285714286,0.913087306533925,0.857142858428677,1.25110031806675,NA
"19",2.285714286,1.37422025388164,1.28567142513273,1.73192598136148,NA
"20",3.428571429,2.44080712913184,2.285614273023,2.79205693751736,NA
"21",4,3.64895892423996,3.42845712335149,3.9286645130627,NA
"22",5.428571429,4.24942581069393,3.99994284074532,4.39679593006008,NA
"23",6.714285714,5.75617704010451,5.42842855372562,5.92929605508485,NA
"24",7.857142857,7.10418165687062,6.71415711710918,7.16623156201107,NA
"25",8.285714286,8.29281008758406,7.85702854849285,8.26423253206254,NA
"26",9.142857143,8.7224578957941,8.28567141370074,8.56659541804022,NA
"27",10.28571429,9.6069206708752,9.14277141697766,9.47967880529023,NA
"28",11.57142857,10.7923389565053,10.2855999857799,10.6521949987714,NA
"29",13.85714286,12.1284174882745,11.571299975967,11.943855147819,NA
"30",14.85714286,14.5166072676645,13.8569142558464,14.3782372871443,NA
"31",17.28571429,15.5399526902343,14.8570428284471,15.1404248822089,NA
"32",19,18.0719832549179,17.2854714017474,17.8085886944315,NA
"33",18.71428571,19.8385017015998,18.99982853224,19.3831209266599,NA
"34",18.85714286,19.4867772261395,18.7143142667637,18.7276699092021,NA
"35",20.71428571,19.5945960928721,18.8571285758994,18.9489610372237,NA
"36",19.85714286,21.5145139058363,20.7140999781469,21.118591041043,NA
"37",21.71428571,20.5631292189813,19.8572285631592,19.7545625873941,NA
"38",23.71428571,22.4873979574205,21.7140999881465,22.1169482849051,NA
"39",25.14285714,24.5581510396914,23.7140856740451,24.1448395287801,NA
"40",28.42857143,26.0217880455093,25.1427142504366,25.4636614184276,30.1521188715594
"41",30.85714286,29.4458719179531,28.4282428157262,29.1402661470688,32.4667248147734
"42",35.42857143,31.9568224062849,30.8568999488871,31.4146179868017,37.4226044298314
"43",36.57142857,36.7261077304392,35.4281142231216,36.5044994152406,37.8709152208917
"44",36.14285714,37.8594381723967,36.5713142286293,36.918679354086,37.0648885034301
"45",35.85714286,37.3326326957216,36.1428999894324,36.144769712114,36.8132070699223
"46",35.28571429,36.9624624927823,35.8571714381963,35.8871720536286,36.173795423596
"47",33.85714286,36.2950360096257,35.2857714406811,35.2491011628808,34.5979032492614
"48",34.42857143,34.7279365032858,33.8572857352736,33.6273952441094,35.5901995890851
"49",34.42857143,35.2821744943548,34.4285142964657,34.628849055296,35.4529229702847
"50",37.85714286,35.2342899012897,34.4285714242861,34.506793169247,39.7053008513934
"51",40,38.8118190229232,37.8567999730603,38.7237352992216,41.5408537438506
"52",46.28571429,41.0228934097071,39.9997856613717,40.615691086282,48.6521737257119
"53",49.14285714,47.6070660799319,46.285085642509,47.9581003803736,50.8551368922857
"54",56.42857143,50.5519759197789,49.1425713380147,50.0620410672624,59.074909930653
"55",56.57142857,58.1703324182955,56.4278427666715,58.4683326511546,57.6300214390832
"56",58.28571429,58.2226620590214,56.5714142101718,56.9079435455087,59.7232141153536
"57",60.14285714,59.9405357084791,58.2855428450938,58.9973009483235,61.6148342608151
"58",64.71428571,61.8093664405448,60.1426713924294,60.8825566228213,66.829284701162
"59",64.85714286,66.5450631906465,64.7138285088384,66.0492412713181,65.9157357314821
"60",69.85714286,66.5926250895028,64.8571285273194,65.1327627264431,72.0699404642864
"61",67,71.7770390602834,69.8566428151139,71.1473612315087,67.4805136461797
"62",79,68.6501987630741,67.0002856891073,66.5180536423736,82.3868428360333
"63",83.42857143,81.2357016386084,78.9987999242849,81.3233395456878,85.510668842993
"64",87.14285714,85.7883488914197,83.4281284143523,83.6868749009491,89.0584604340931
"65",89.57142857,89.5792341490822,87.1424856348444,86.8561532843546,91.1810105247734
"66",96.57142857,92.0075105627596,89.5711856545977,88.6854426237454,99.2184463131388
"67",97.57142857,99.265523604973,96.5707284848726,95.3515107992526,98.8364193810931
"68",97.71428571,100.169676224516,97.5713284912949,94.9566073311375,98.7728785790832
"69",86.85714286,100.173410422726,97.7142714130357,94.9001398032227,86.0707984742411
"70",83.85714286,88.5633388144886,86.8582286672096,83.4678862586055,84.1883609259164
"71",90.57142857,85.29737999287,83.8574429946618,82.5099024103241,93.1589882194943
"72",91.57142857,92.30979842226,90.5707571130943,90.4147867212854,92.8364193810931
"73",87.42857143,93.2679764743028,91.5713284941579,90.0765313067687,87.5213070113875
"74",85.14285714,88.7949893040901,87.4289857417092,85.4352350925884,85.6323196353229
"75",86.71428571,86.3028410563539,85.1430857727279,83.8182711641264,88.117291149358
"76",89.57142857,87.8975429652756,86.7141285763517,86.0329003759236,91.2837083246753
"77",86.42857143,90.8492594864138,89.5711428151692,88.7749021240324,86.7269426199216
"78",77.71428571,87.4564589792594,86.4288857144492,84.77298138402,77.0197468763813
"79",81.14285714,78.1915561541404,77.715157245735,75.5671598275249,82.9910538666871
"80",76.57142857,81.7869030198293,81.142514340222,81.3876556604745,76.5695078368167
"81",75.71428571,76.9206916640996,76.5718857183022,75.377633755269,76.5347963405317
"82",71.14285714,75.9953399456778,75.7143714774538,75.372931331661,71.139245648375
"83",67.85714286,71.1496428246107,71.1433143311627,70.1434812715087,68.1243224713455
"84",74.28571429,67.6778699207999,67.8574715057057,67.2529676788463,76.8128862339365
"85",74.14285714,74.4798976693896,74.2850714098567,75.6926777307918,75.1330302616714
"86",71.28571429,74.3179825515042,74.1428713626629,74.0406000211582,71.6470414394305
"87",69.85714286,71.289462451758,71.2860000305375,70.6774428518703,70.5436204561614
"88",73.42857143,69.7799508064532,69.8572857581346,69.6315781816431,75.3105104799548
"89",78.57142857,73.557595558183,73.4282142703964,74.2201513977315,80.8165034033173
"90",76.57142857,78.9838080115942,78.5709142038727,79.3894502226223,77.1259696138728
"91",72.28571429,76.847463385103,76.57162853594,75.9355402250295,72.3406446251071
"92",68.28571429,72.3039345889735,72.2861429186715,71.3143155700344,68.4001543609378
"93",60.57142857,68.0768343068606,68.2861143676288,67.5022673415602,60.0017704302757
"94",58.28571429,59.9383794490589,60.5722001056245,59.0308630654955,58.7751767875894
"95",52,57.5592591310482,58.2859429584524,58.0441618706325,51.6675394766976
"96",54.14285714,50.9593686019084,52.0006286489241,50.8061984923645,55.6837108838506
"97",52.28571429,53.2821381195434,54.1426428985338,54.9444540087105,52.8730262646996
"98",54.28571429,51.3686852406381,52.2858999989986,52.1300175071878,55.7921449440829
"99",59.42857143,53.5335431671048,54.2855142911914,55.0543350357925,61.6736462633173
"100",61.57142857,59.0095548180715,59.4280570795902,60.9573407926542,63.1122823138506
"101",72.57142857,61.2972002365493,61.5712142142239,62.3691559145285,75.8053996713215
"102",80,72.9343563984768,72.5703284529666,75.1444279226811,82.7329655827153
"103",73.85714286,80.762232840528,79.9992569682775,81.2079069203418,73.5505185801154
"104",75.71428571,74.2291421522162,73.8577571247891,72.4192705058858,77.1862628308151
"105",70,76.170214193491,75.7141000410072,75.9842465244655,69.7734340871082
"106",67,70.1072246933459,70.0005714596627,68.7706181315018,67.3297489398192
"107",68.57142857,66.9316238771138,67.0003000832226,66.4842444524258,69.974434009358
"108",65.42857143,68.5957233221893,68.5712714434974,69.0954760941759,65.7269359706532
"109",58.28571429,65.2738768875002,65.4288857273131,64.9119595878983,57.80468418717
"110",56,57.7360919638094,58.2864286692217,56.8926292688877,56.4894624953229
"111",54.42857143,55.3522644437659,56.0002286627372,55.7588545987765,55.0818578885201
"112",57.85714286,53.7286351603969,54.4287286093818,54.3518806871209,59.7053395866871
"113",61.28571429,57.3905244264539,57.8567999887802,58.9783195663686,63.1339110166871
"114",63,61.0392276827222,61.2853713687708,62.3934279236314,64.4374998229395
"115",59.14285714,62.8643234644593,62.9998285222358,63.6795722094346,59.2874024317526
"116",62.85714286,58.7968672599255,59.1432428706574,58.5250714105747,64.772746156445
"117",64.57142857,62.7406141787512,62.8567714377253,64.0166464141433,66.0089283929395
"118",69.85714286,64.5583662970281,64.5712570893855,65.2269065546014,72.134113754088
"119",68.71428571,70.1435336602358,69.8566142254857,71.2148737143363,69.4675219969733
"120",64.14285714,68.9199042263046,68.714399952779,68.5921025263973,64.139245648375
"121",61,64.0785072271688,64.1433143340105,63.3087279602549,61.2983645406531
"122",55.28571429,60.7616722322242,61.0003143587505,60.5411984106455,55.0583725184929
"123",53.14285714,54.7379202654884,55.2862857996698,54.2334945815396,53.6647796611866
"124",55.57142857,52.504920452217,53.1430715014935,52.9250708839492,57.1810105247734
"125",54.85714286,55.1067913103767,55.5711857131894,56.4487825737539,55.7113951305243
"126",53.42857143,54.3783970384829,54.8572142704907,54.9851082978411,54.1150490261614
"127",54.28571429,52.8961475805933,53.4287143066997,53.3807227852728,55.5162256194456
"128",53.57142857,53.8318198476909,54.2856285825539,54.7832840397444,54.4256486040699
"129",52.57142857,53.1028184694666,53.571499996208,53.6930113987506,53.3582242815349
"130",53,52.0727877348592,52.5715285858338,52.6192931653005,54.1272378136261
"131",52.57142857,52.5537592587532,52.9999571491349,53.3878074538689,53.4934599334302
"132",48.57142857,52.1261863322297,52.5714714265821,52.7539132355562,48.6858686409378
"133",47.42857143,47.9252942167262,48.5718286090482,47.8896868565511,48.1818077193182
"134",47.42857143,46.7543654994211,47.4286857656534,47.3967739819945,48.4529229702847
"135",45,46.7924672736441,47.4285714414346,47.6610675239865,45.4571669971271
"136",45.71428571,44.2625971108981,45.0002428782497,44.6481823444195,46.9103405955162
"137",42.57142857,45.0589229214038,45.7142142995114,46.0899854459763,42.8697931106532
"138",40.28571429,41.7754885594981,42.5717428758855,42.0355204919015,40.7751767875894
"139",41.85714286,39.4055818195779,40.2859429127254,39.9203600291071,43.260148299358
"140",42.28571429,41.1155568833125,41.8569857263507,42.3729684445929,43.4129521036261
"141",39.14285714,41.6102580819441,42.2856714134178,42.5499305537102,39.4412216784632
"142",43.14285714,38.3279593010046,39.1431714487401,38.5791492761214,45.1254302043499
"143",44.28571429,42.6000664053545,43.1424571366714,44.230611251638,45.5852008204445
"144",46.14285714,43.838185553697,44.2855999543491,44.7398943229777,47.6148342608151
"145",48,45.8255736427272,46.1426713981409,46.7877286112918,49.4719771232278
"146",43,47.805601096256,47.9998142509986,48.6706604300306,42.9106188100261
"147",41.57142857,42.5340193963589,43.0005000248762,42.0511233677699,42.2579061661614
"148",41.57142857,41.0510485191021,41.5715714895649,41.4097594511934,42.5957801102847
"149",36.57142857,41.0804570465306,41.5714285842932,41.7298367274559,36.4819042353725
"150",34.85714286,35.8256357299545,36.5719286134541,35.5919505888928,35.4773720340736
"151",33.71428571,34.0566170260581,34.8573143534778,34.5728071902566,34.4675219969733
"152",31.14285714,32.8944135074738,33.7144000227979,33.5441702776813,31.5678991440196
"153",34.28571429,30.2239982331864,31.1431143166364,30.6640642067739,36.066119168912
"154",34.85714286,33.5963974729491,34.2854000026918,35.0352390372859,36.0187710190851
"155",33,34.2390752684274,34.8570856807455,35.0616834163104,33.5873119724005
"156",31.28571429,32.3119078367351,33.0001857247072,32.6754067614687,31.9059434640736
"157",32,30.5396282640052,31.2858857520432,30.9847023063113,33.1960548855162
"158",29.71428571,31.3364447974026,31.9999285823692,32.2091288956222,30.2037482053229
"159",28.85714286,28.9590565016299,29.7145142941507,29.2931373791149,29.6776079707995
"160",27,28.0961541470049,28.8572286045944,28.7265048734556,27.5873119724005
"161",24.71428571,26.1770636992109,27.0001857390008,26.6678158710024,25.2037482053229
"162",25.71428571,23.8086825999558,24.7145143198686,24.3054570103709,26.9792765210931
"163",25.28571429,24.9163750397435,25.7141857241724,25.9513081832604,26.2077456558096
"164",25.28571429,24.5086763005248,25.2857571408671,25.2400712855265,26.3100658302847
"165",26.14285714,24.5525894937668,25.2857142942855,25.3246250219275,27.3733684670328
"166",26.28571429,25.4996040498128,26.1427714182664,26.3522752882221,27.3443071614821
"167",27.71428571,25.6868870983029,26.2856999944706,26.35307095624,29.0827866214182
"168",27,27.2300340564296,27.7141428390133,28.0436080686783,27.854220036435
"169",28,26.5027483004382,27.0000714204902,26.8964771826601,29.2649908110931
"170",19.85714286,27.5873633412759,27.9998999984521,28.2438481036053,19.3081685297834
"171",19,19.0076438271616,19.8579572064788,18.3871898369018,19.8204545599748
"172",17.57142857,18.1500689871011,19.0000858031768,18.904752301827,18.2579061661614
"173",18.28571429,16.6887965202707,17.5715714481391,17.3853694075909,19.4817691779272
"174",18.28571429,17.4933297681273,18.2856428695095,18.487499483301,19.3100658302847
"175",18.14285714,17.5381102481093,18.2857142828573,18.355550501794,19.1330302616714
"176",15.42857143,17.429429505089,18.1428714269558,18.1875352817367,15.8216648652517
"177",24.71428571,14.6020681585546,15.4288428835884,15.0390386647085,27.4776581624828
"178",24.57142857,24.4592599753872,24.7133570850219,26.5906960599994,25.5616016940616
"179",26,24.3227418834628,24.5714427640849,24.5830115874128,27.3685006565852
"180",24.57142857,25.8461011610542,25.9998571318615,26.3228432294789,25.2579061661614
"181",23.85714286,24.3454934295359,24.57157142527,24.3311331880969,24.711362896435
"182",24.71428571,23.6036092844218,23.8572143090653,23.7588972850678,25.9447970370328
"183",24.14285714,24.5235204267523,24.7141999954115,24.9220414427996,25.030938273596
"184",23.14285714,23.9305792145944,24.1429142792508,24.0715637464086,23.9296483091308
"185",22,22.8860622262533,23.142957154405,22.9920801651037,22.7532362893182
"186",21.71428571,21.6931305446855,22.0001143056484,21.8279826603079,22.6703499175373
"187",20.28571429,21.4086118086195,21.7143142953436,21.7076714474545,20.9721918884894
"188",19.57142857,19.9165814386634,20.2858571624158,20.0721706672712,20.4256486040679
"189",20.14285714,19.182789897133,19.571500019068,19.4979219274201,21.3044852990851
"190",21.71428571,19.8084752965712,20.1427999993225,20.3066903247948,23.117291149358
"191",22.28571429,21.4876080208961,21.7141285477719,22.0623419473226,23.4473424514938
"192",22.57142857,22.1041404371272,22.2856571264584,22.4409463081065,23.6643190714981
"193",21.71428571,22.4162628387311,22.5713999903721,22.6708964752813,22.5347402699746
"194",22.57142857,21.5194487436305,21.7143714288768,21.5986108787684,23.8019398994456
"195",23.57142857,22.4360427414579,22.5713428568376,22.7809105375655,24.8364193810931
"196",23.85714286,23.5002074503975,23.5713285527374,23.8072474983159,24.9500333639008
"197",23.71428571,23.806093435419,23.8571142760854,23.9536248236428,24.7044588316714
"198",24.14285714,23.6580479029084,23.7142999940979,23.7276445212812,25.2700949536261
"199",24.28571429,24.1140176347062,24.142814280561,24.2668303727579,25.3443071614821
"200",23.14285714,24.266577976016,24.2856999987572,24.3536667229898,23.8960934269733
"201",22.71428571,23.060215347479,23.1429714342178,22.9644602305966,23.6363170734301
"202",21.42857143,22.6120941979499,22.7143285822979,22.6756928736174,22.1483677436838
"203",19.14285714,21.2594948186132,21.4287000168892,21.2330967329565,19.6323196353229
"204",18.28571429,18.8541617724626,19.1430857441529,18.7801917649042,19.1061688523347
"205",15.42857143,17.9648939246461,18.2858000345964,18.1972014737048,15.7915043251956
"206",14,14.9644144203691,15.4288571776913,15.0133593086084,14.6864775961614
"207",12.85714286,13.4813404864484,14.0001428981353,13.8628227236448,13.6103791493182
"208",11.14285714,12.3032077088537,12.8572571699371,12.7887088490365,11.7630863117644
"209",10.57142857,10.5233464332728,11.1430285949021,11.0064927423703,11.459509703596
"210",8.714285714,9.95463515657326,10.57148573497,10.6414397291048,9.30159768732012
"211",8.428571429,8.02739572287233,8.71447145014217,8.60564793822295,9.38463563772978
"212",9.857142857,7.76435331008409,8.42860002148674,8.58797530478573,11.2256435131021
"213",10.28571429,9.3111957511178,9.85699999030164,10.278549848046,11.4129521043478
"214",10.28571429,9.79484070786664,10.2856714148443,10.530887343578,11.3100658302847
"215",10.85714286,9.82258172746279,10.2857142857121,10.4580812670131,12.0187710190851
"216",10.85714286,10.4524770426592,10.8570857121765,11.1174213102361,11.8814944002847
"217",12.57142857,10.4753461535213,10.8571428542847,11.0197227484681,13.9920544598442
"218",11.57142857,12.3080889683737,12.5712571265304,13.0055607048515,12.3582197391308
"219",10.14285714,11.2664576578077,11.5715285615447,11.5499199983129,10.8293347361614
"220",8.857142857,9.77438754888882,10.1430000195581,10.0753321305496,9.57693916998278
"221",8.857142857,8.43683649182503,8.85727145389105,8.84078151350973,9.88149439728468
"222",9.285714286,8.46058950591407,8.85714286986081,9.05570858145514,10.4129520993855
"223",10.57142857,8.93579168369748,9.28567142513387,9.54813329642836,11.905420720223
"224",10,10.3139416508641,10.5712999831116,10.9579294055641,10.888081133596
"225",9.714285714,9.72477111673063,10.0000571349632,10.0806248951199,10.6703499224913
"226",10.28571429,9.43846426316724,9.71431429362561,9.84860365213896,11.4473424505303
"227",11.14285714,10.0577739646783,10.2856571450346,10.555152499858,12.3733684670328
"228",12.14285714,10.9762387409834,11.142771412551,11.4476951444017,13.4078479510931
"229",11.42857143,12.0421685140342,12.142757122736,12.4582355822543,12.282791466435
"230",10.57142857,11.2932062409615,11.4286428547759,11.4588121979617,11.3918831299746
"231",9.714285714,10.3952731464856,10.5715142988781,10.5927230827398,10.5347402749187
"232",11.42857143,9.49964525809473,9.71437144430827,9.7521247307719,12.8660712536832
"233",12.57142857,11.3229414824605,11.4283999951041,11.8766321748537,13.8709152208917
"234",14.57142857,12.5363550875462,12.571314257209,12.9060601237444,16.044686783986
"235",13.85714286,14.6513643596037,14.5712285411866,15.0355629290347,14.711362896435
"236",14.28571429,13.8921943555921,13.8572142747739,13.8484694142809,15.4129521036261
"237",14.57142857,14.3430050027931,14.2856714362746,14.4736949359686,15.6643190714981
"238",17.14285714,14.6416283145367,14.5713999918032,14.7306089529037,18.7227883501776
"239",15.14285714,17.354410260199,17.1425999719378,17.6925393957397,15.6973981838728
"240",15.28571429,15.2294274934028,15.143057131662,14.8860672878685,16.3443071614821
"241",13.42857143,15.3754656113427,15.2857000230444,15.4110513630091,14.0158834024005
"242",13,13.4082968065796,13.4287571589988,13.2251630240919,13.9220313634302
"243",13.57142857,12.9566510655472,13.000042879442,13.0542966701239,14.7330567290851
"244",14,13.5628229083941,13.5713714264653,13.7934190193534,15.1272378136261
"245",13,14.0161007774978,13.9999571334176,14.1914532747261,13.7867911691308
"246",14.28571429,12.9586772929089,13.0001000044035,12.9542316417378,15.6197064542994
"247",13.71428571,14.3193871839742,14.2855857173988,14.6257328111298,14.6023668412225
"248",13.42857143,13.7137621581737,13.7143428449656,13.7329149773954,14.3846356399223
"249",15,13.4119307313839,13.428600009625,13.5016447464783,16.403005439358
"250",13.71428571,15.0731067685565,14.9998428463446,15.3839235835015,14.4340820213471
"251",12.57142857,13.7106006466407,13.7144142768858,13.6068710452544,13.3246648593182
"252",13.85714286,12.5033648233095,12.5715428785039,12.5077771113158,15.1911350242994
"253",14,13.8655859460453,13.8570142888293,14.2017222622214,15.0585928690832
"254",13.85714286,14.0160393043799,13.9999857001863,14.1409131203033,14.8473159840616
"255",14.28571429,13.8642023587079,13.8571571455254,13.9494318299857,15.4129521036261
"256",14.14285714,14.3165949336441,14.2856714305612,14.4736949359686,15.1330302616714
"257",15.28571429,14.1639192403099,14.1428714226702,14.231324421012,16.5852009433069
"258",15.85714286,15.3701730357749,15.2855999957813,15.5902920253255,17.0187710190851
"259",15,15.9691220100654,15.8570857007466,16.0534319429428,15.8204545599746
"260",15.85714286,15.0572106034388,15.0000857160186,14.9498517647461,17.0876541894456
"261",15.85714286,15.9595604927257,15.8570571468373,16.1049425094285,16.8814944002847
"262",17.14285714,15.9537725064504,15.8571428514279,15.9503974761229,18.4768493018838
"263",17.28571429,17.3066862066671,17.1427285573976,17.4577231608386,18.3443071614821
"264",16.85714286,17.4483581587416,17.2856999901841,17.3905273565955,17.7791742234302
"265",19,16.9863750403069,16.8571857194374,16.8618889163554,20.5408537438506
"266",18.57142857,19.243029319726,18.9997856999497,19.4628728708564,19.4934599334301
"267",16.85714286,18.7765033323082,18.5714714094356,18.5595493031032,17.4773720340736
"268",18.71428571,16.9537477057971,16.8573143077534,16.6276245538109,20.1862628308151
"269",17.85714286,18.9103848472998,18.7140999967217,19.1252056662029,18.6775974223347
"270",18.71428571,17.9937195302714,17.8572285631611,17.7729443406856,19.9447970370328
"271",19.42857143,18.8915841490499,18.714199996837,18.93967682774,20.6246263179272
"272",18.42857143,19.6362169384893,19.4284999866484,19.6230868820977,19.2153625991308
"273",19.71428571,18.5679685769278,18.4286714315456,18.3122361827324,21.0482778718838
"274",19.85714286,19.918465332921,19.7141571373995,20.0142652132882,20.9157357314821
"275",18.85714286,20.0578569309239,19.8571285601851,19.9421172638216,19.6439340291308
"276",19.85714286,18.9900002896593,18.8572428672604,18.7366577162533,21.1221336710931
"277",21,20.0390056138624,19.8570428613111,20.1029047340798,22.2994866508917
"278",21.57142857,21.2361719794279,20.9998856943532,21.2681775785835,22.7330567290851
"279",20.57142857,21.826547096944,21.5713714107454,21.7289634817826,21.3582197391308
"280",19.28571429,20.7556158655295,20.5715285729741,20.436387143525,20.0055106036838
"281",21.14285714,19.3868321968046,19.2858428826027,19.1079875362398,22.6148342608151
"282",23.14285714,21.3432142891085,21.1426714224358,21.5463224461309,24.6492877940829
"283",23,23.4449185351855,23.1426571040456,23.5727911694024,23.9901731240616
"284",20.28571429,23.2769174594516,23.0000142669502,23.015457675705,20.7613192029483
"285",19.42857143,20.3935881733546,20.2859857435864,19.8300578501442,20.2490259899747
"286",20.71428571,19.4819087700143,19.4286571788828,19.3295554389202,22.0482778718838
"287",21.85714286,20.8372690731138,20.7141571359741,21.0104530186895,23.1566295133069
"288",20.71428571,22.0377629339409,21.8570285514944,22.1229799174914,21.4675219969733
"289",18.71428571,20.8201113583723,20.7143999942152,20.5511695886759,19.2688267538728
"290",17.42857143,18.7011036286824,18.7144857388105,18.4096236448246,18.1483677436838
"291",16.28571429,17.3434740084739,17.4287000326062,17.2703657359068,17.0389505793182
"292",15.42857143,16.1408390883189,16.2858285985074,16.1673362014175,16.2490259899746
"293",14.71428571,15.2434434386287,15.4286571631669,15.372724628886,15.5685057440679
"294",13.85714286,14.4992531251593,14.7143571533536,14.6935241278664,14.6775974223347
"295",14.14285714,13.6058223303685,13.857228588879,13.8232245406755,15.2357476414981
"296",15.57142857,13.9218863658234,14.1428285746626,14.307255391463,16.9399292265852
"297",17.57142857,15.4436793181743,15.5712856975852,15.9246773138067,19.0778592240829
"298",21.71428571,17.5639260290095,17.5712285383304,18.0143228839867,23.5246636059455
"299",23,21.941334820241,21.7138713682774,22.5543867396346,24.3339921642994
"300",22.85714286,23.2868780612476,22.9998713759597,23.2916140584836,23.8473159840616
"301",25.71428571,23.1197350499516,22.857157134092,22.8730878743517,27.4265654622857
"302",26.85714286,26.1235052258447,25.7139999723124,26.3202945577265,28.1566295133069
