"","OBS","ARIMA","ETS","NNAR","FTS_GA"
"1",194735,194540.265112927,183013.769386803,NA,NA
"2",182581,193866.638300851,187517.99252846,NA,NA
"3",193820,185719.00642165,185542.800372858,NA,NA
"4",180526,192574.704377499,188707.862530261,NA,NA
"5",155533,183067.689039432,185470.645047477,NA,NA
"6",176760,165936.073149627,173768.906523076,NA,NA
"7",211944,178896.649017196,174874.518216001,NA,NA
"8",197607,201976.749586952,189238.023960933,NA,176312.738545117
"9",207369,194047.608101988,192439.811943826,NA,200001.19129047
"10",213767,201092.738121583,198194.571422347,NA,202097.12678852
"11",199959,206226.692987001,204201.065191305,NA,178674.369247189
"12",210961,198258.745547944,202500.637456709,NA,205400.900442294
"13",198855,205742.477040426,205741.440621191,NA,177639.829595093
"14",182962,198516.879401389,203012.687173883,NA,161639.833927787
"15",206894,188128.848658918,195161.927516596,NA,210832.077059212
"16",194561,203108.595006239,199673.683945881,NA,173332.704403798
"17",183640,195545.180288278,197633.458681856,NA,162516.002314245
"18",190099,188226.955869474,192137.813623036,161790.211922866,178499.161659664
"19",212794,191812.666256782,191291.512677589,171860.583716192,228848.405213586
"20",184761,206470.263815714,199603.335100575,205128.478301496,163253.348520276
"21",219343,188973.473623764,193777.996692603,171598.012783771,245114.135119497
"22",205415,211079.400143041,203670.935210768,180563.97298582,184127.749796078
"23",202943,203124.459014203,204299.314938068,178797.295983243,184112.443786013
"24",221843,201832.595424044,203721.721111581,171600.799396629,230198.980990444
"25",188600,214404.816508617,210721.405438856,179869.855926384,165716.259941267
"26",207656,193646.176453403,202067.196497936,173685.098401699,216320.038611608
"27",208897,205432.980946408,204190.942659991,173569.903332578,192359.945280885
"28",177689,206568.372135206,205971.830906523,164843.963220244,155189.572781031
"29",190778,186409.008496509,194919.445572822,165253.192735381,188515.916568643
"30",190518,193746.625912091,193256.011417915,160319.167246851,172939.863958184
"31",234951,193147.743270804,192138.144380442,165564.434019485,260218.757126119
"32",212376,221948.680144965,208740.763657308,182755.103920568,190466.706064732
"33",241844,208999.380867336,210106.303583005,184452.092826419,271804.380693846
"34",232836,228839.061002451,222404.972667482,190229.066720601,211953.031404051
"35",253138,224799.904433906,226417.832340634,181895.510834449,264293.169398205
"36",263924,239292.366905397,236768.737403201,196626.839308716,258040.65862102
"37",241700,248373.681932799,247291.580499909,193697.031801388,220459.971840516
"38",283405,236022.515955569,245077.558341903,195087.011377015,319628.414419343
"39",262729,264230.463109139,259948.896717251,192264.990833055,241495.638993452
"40",217025,253418.825678965,260995.003848989,174097.218380138,189865.537549269
"41",242456,224747.315239426,243854.085702755,172736.917797861,264189.898846556
"42",239214,240334.174424853,243270.623203371,184763.660153979,220021.244794668
"43",268285,238511.249172665,241652.763845677,201162.103895861,297455.421854239
"44",283294,257704.28903921,251973.457405283,203795.517512996,284328.361105291
"45",274542,269087.818120137,264120.717003628,198123.236575819,253701.352994645
"46",292422,265390.06276347,268140.620938246,198112.647594199,298787.920411676
"47",305384,278452.880637928,277553.592529515,183797.611655424,302912.433544784
"48",299556,288981.027101425,288349.679080514,206017.621122609,279399.013830306
"49",286610,287520.519570155,292681.241500554,212909.951254472,265486.747886723
"50",280178,280755.237773473,290292.39412703,196642.722341146,259847.246285691
"51",187374,277376.004475356,286330.022522359,170805.183094305,135344.667288031
"52",91314,216833.684974201,247804.373424125,123485.547812341,-10114.5047300047
"53",180242,149497.84604045,186886.105841573,108895.517770021,215189.682192167
"54",196546,199503.329424252,184247.232326502,118343.310621698,199930.931296573
"55",266162,207431.231257722,188977.084691703,155577.139501636,312147.700374995
"56",244700,251579.050510948,218950.976397987,164966.757855724,222185.874554724
"57",262452,239588.694585287,228922.361649204,161474.731217908,268571.346673914
"58",276445,251984.403045315,241923.232535826,166380.134984743,275705.366641773
"59",271385,262684.375803166,255313.426713901,158953.608645715,251475.924130784
"60",284904,261346.952287666,261529.350989398,173116.768871289,283359.311349041
"61",263767,271673.655569316,270588.015027443,177337.787381513,242539.040229702
"62",306291,259701.559702432,267901.926890351,127408.420857449,329108.978663309
"63",282512,288214.72631472,282803.342753452,125245.708784144,261239.815684835
"64",240594,275206.812540186,282660.6650886,122561.157996688,214938.997879936
"65",233395,248732.355214364,266266.007139414,150049.407883685,212869.067300071
"66",236614,242830.266711636,253444.550769041,170496.534125525,221701.170307875
"67",318011,243582.792119289,246860.063454858,181052.661668709,371122.96119306
"68",274873,296032.60509566,274501.536428891,177078.221636777,244598.806306259
"69",297374,270874.22719292,274614.620978148,178347.248268889,313027.328469677
"70",283997,286228.185034414,283437.365674258,189006.444242233,262630.958299208
"71",290756,279051.48009308,283625.967831535,162888.312259493,279504.902187162
"72",308387,284203.897052455,286370.723160412,195837.872935696,314273.944107182
"73",278441,296728.042921502,294907.422005674,200524.490574397,256304.29009916
"74",293567,278744.118773367,288475.308345011,186980.749640253,294809.73337948
"75",301940,288633.990437316,290428.35130395,179197.020423741,292687.784369515
"76",264780,294844.555084921,294879.474307144,152496.210028457,240345.346763213
"77",239301,271464.526593396,283143.676182608,172013.846150431,217400.650231217
"78",295946,253767.300918582,266058.31818829,149978.280868455,325089.079276056
"79",296322,288880.016759993,277652.06915024,203269.461235675,279165.409424485
"80",283219,290146.537128549,284884.741062443,206576.55941096,261955.413082561
"81",305251,282432.573436377,284208.046073974,184901.290258749,319936.907673398
"82",296050,297014.99938634,292365.601122741,192065.358619346,275136.797088262
"83",308798,292160.900620042,293772.221296622,179376.777719838,305975.954526465
"84",326213,301094.001791253,299591.373376974,196694.020863762,331686.769269744
"85",261130,313642.508937105,309923.187825922,206050.11361095,225691.042213564
"86",270949,272714.796690525,290918.86317581,182796.36365918,263661.719947942
"87",273358,277491.533640833,283122.864434408,149135.213175426,257744.471978282
"88",261245,278129.521810692,279294.943171355,159317.477460959,240037.892054942
"89",210604,269486.110619168,272242.881897092,173514.547720515,169694.554110086
"90",219068,235039.781681483,248231.509048909,140312.980765238,209934.621664191
"91",313178,237072.313508305,236847.942365416,160523.56412202,346827.792079808
"92",266275,296278.681450467,266501.867775318,186819.202951294,230970.830130786
"93",286215,267914.847241186,266380.306870661,175508.562418608,296641.182070885
"94",277722,280773.304894311,274063.319140634,186028.363093308,256926.807960472
"95",301142,275980.96017966,275455.32308605,170872.73712801,318698.842117473
"96",333316,291612.666069396,285417.295619582,176468.794140449,360142.732162253
"97",289693,314117.154245466,304023.033725669,181157.978960977,258499.133078602
"98",323940,288239.187689514,298424.570510503,178887.185923845,360158.241004387
"99",314727,310939.800894912,308325.847834315,182997.603629792,293848.441684914
"100",268504,306765.275513512,310793.60479943,151065.440734025,235176.452431793
"101",291884,277558.356028178,294319.723059881,171471.532936819,309357.831901099
"102",242072,291606.062118986,293346.060961167,182735.841408618,204405.371444597
"103",329103,258933.420906543,273372.462708143,173103.871243874,379212.977011001
"104",352328,313655.752805753,295021.985616299,200064.428339276,369480.276831263
"105",344556,331137.14633041,317289.993146638,187982.524630727,323901.89995072
"106",323853,329090.838010173,327877.197076196,192102.447146088,301636.614137847
"107",316740,317726.235339007,326294.226560473,165823.297139921,296234.580850411
"108",343562,313939.022732677,322559.493345155,191189.428355611,368169.388927859
"109",322776,331957.848970747,330711.361941475,199335.926674805,301546.77224483
"110",322677,319981.610327785,327607.564243127,188419.928008934,305202.897450608
"111",293155,320319.813466368,325671.936464787,187958.822573221,271377.435789549
"112",231107,301272.13348838,313003.824855827,149882.76372049,191320.295347589
"113",237390,259352.440839159,281122.08829955,135396.045926096,225588.898586212
"114",281627,259402.93914751,264079.478541829,137859.330363821,315794.987930984
"115",272754,285278.072369394,270872.245153245,178915.780394284,251893.030608874
"116",277091,278924.123833426,271572.276780803,183187.139206032,263228.228798406
"117",281355,280882.013475922,273687.394879599,174334.697626143,267420.697467464
"118",215943,283135.258004436,276639.049395935,164817.122108506,150469.114997005
"119",254348,239920.72994323,252995.79860372,135728.77674688,299939.097608452
"120",264637,261682.33639536,253485.253988492,146713.76200959,258023.216902245
"121",300931,267381.057511016,257787.184307713,182130.063079679,343281.989130153
"122",293328,290820.249982213,274536.179345238,186164.803640756,273944.528901815
"123",264830,287286.115068806,281815.775328034,139297.475244447,241646.366081652
"124",207597,269442.607375686,275178.608837249,131124.511089924,154863.543601725
"125",204716,231190.730389463,248856.328558652,137559.86603997,185688.515427414
"126",205953,225894.230528091,231646.706050433,133685.414786018,189412.955720339
"127",256480,223650.66758364,221609.002087009,176064.187977653,303131.316462403
"128",219623,254279.271887415,235130.356873634,192610.138253405,194431.38265161
"129",213047,230391.943506429,229056.38984046,142127.845522727,192677.471424337
"130",187608,224519.411214868,222785.565004129,135579.004330521,164570.763072787
"131",223145,206157.582622808,209056.099296183,130824.101893278,264257.636028716
"132",216991,226818.96316893,214489.363947736,154477.368207595,196737.968745308
"133",176757,222247.344720577,215416.216887473,174976.74549415,149704.363111605
"134",208097,195066.234002327,200330.417305719,138085.249332959,241698.890721128
"135",173874,213006.024335415,203301.888942816,134687.146139728,150172.18923103
"136",141798,189822.599751744,191804.285132236,100972.072889789,119003.085476493
"137",152778,166456.197124345,172298.077013863,125940.28116389,147184.818418437
"138",144333,170108.953445355,164646.98893039,128858.161059292,123546.528985381
"139",200352,162062.132791646,156685.091419952,142514.820537292,243488.103404568
"140",171298,196292.926173981,173611.800383818,162234.437222929,148756.423151785
"141",178895,177798.168402746,172654.893543344,119844.84848822,168655.957583974
"142",186250,181849.354917477,175025.501663843,145323.624066633,175712.964706484
"143",191779,186253.260346875,179335.823405518,137149.111736101,179143.526745078
"144",181197,189883.818065752,184121.372851924,166217.94221159,160106.70637233
"145",172105,183207.829334234,182929.692996206,174058.115002105,151208.697845431
"146",177570,176946.738460169,178664.240716452,144318.393226579,164865.781553611
"147",219084,179837.09351271,178183.166520809,146079.030154263,230587.044804561
"148",201143,206773.210301522,194039.424629379,147822.388082344,179732.266152473
"149",179376,196767.317072502,196751.546646087,162303.022198131,158093.080101961
"150",201763,183103.794020758,189941.209053833,161019.271755101,217180.876603883
"151",236568,197267.973765656,194487.842283819,187403.189778442,276446.824370732
"152",191554,220773.873632975,210807.1407473,204111.230980444,164809.983154862
"153",253398,193491.116815509,203270.011004942,182281.013836632,306410.682639067
"154",214838,233826.051121927,222722.458771531,186427.531849448,188441.576850027
"155",225831,211326.916488851,219611.201418277,171957.171706101,220257.362531135
"156",266489,219052.920544849,221986.167770595,188741.627387702,315172.375471928
"157",239763,246732.06233785,239255.094037968,180172.767447786,215826.661759831
"158",253906,232031.295154848,239413.02177109,192579.26741648,253424.179667656
"159",254073,242434.99862861,245011.645599701,178826.046016422,236774.746697521
"160",219697,244199.889476417,248498.641440878,165710.993897778,195920.426410881
"161",219217,223048.986816645,237256.613781019,170369.407184211,201499.610417054
"162",213498,222250.081404315,230198.482675841,156577.961338524,193374.32903724
"163",267539,218056.614568184,223659.512896203,167859.681560478,291959.56220198
"164",266549,252888.858591937,240686.440091246,188716.918653148,248521.542286697
"165",212329,254352.656242272,250708.588027744,202828.222595264,176301.726039397
"166",256311,220504.951217206,235741.049487854,156270.991209824,308836.849938715
"167",245935,248209.23971291,243702.949526647,171375.994607099,225020.332557861
"168",291099,242564.119674231,244532.870522669,183095.72215725,344782.903159502
"169",223081,272710.816073025,262610.404954035,183004.012318293,162488.817772569
"170",263186,230695.087203893,247198.649327236,166189.983224762,311146.385684691
"171",244771,255934.330571912,253380.753747989,172596.662999039,223063.501088094
"172",177503,244887.14000143,249995.387973407,154256.475776802,104980.884837869
"173",199145,200693.857124328,221756.75092548,127852.664728872,213029.232905434
"174",257939,211560.338077767,212916.045238942,138923.211416061,313084.220871127
"175",240763,248380.299681104,230385.165771508,191080.929441259,219480.018503334
"176",267561,238479.685396048,234380.716529492,175329.46527359,292119.054631474
"177",275747,256408.053678485,247248.195126598,161945.929189929,266252.628092461
"178",233150,263393.32196587,258297.745229861,179927.753108545,203079.643121065
"179",266992,237201.425151228,248479.90263778,154718.442855609,305195.685508907
"180",269758,258841.682126108,255644.635717688,181298.040692734,254447.142331611
"181",247455,261834.238352335,261099.970623529,185334.65197216,226114.895580612
"182",288519,248330.684160648,255757.827060316,164374.416217993,329698.201299894
"183",227455,275172.049650121,268467.80933101,150710.0523716,181618.509012446
"184",170504,236995.751868954,252480.603233436,136008.364441408,118313.828906162
"185",191731,198217.960307476,220553.055477126,132790.206778251,204765.463658291
"186",204203,208159.235689749,209296.147778208,130082.307249007,200933.630894071
"187",189958,213979.373825051,207267.670198291,179737.969275442,168665.066207314
"188",1847,203213.647231183,200486.061070169,159485.733928633,-100005.908519613
"189",43080,77763.8639115775,123159.724817196,95794.6310585799,69227.1746591925
"190",98708,93888.0849038602,91936.9398164543,84453.8808408999,150714.30011189
