"","OBS","ARIMA","ETS","NNAR","FTS_GA"
"1",0,0,0.1,NA,NA
"2",0,0,0.0779934,NA,NA
"3",0,0,0.0608297044356,NA,NA
"4",0,0,0.0474431546992753,NA,NA
"5",0,0,0.0370025294172246,NA,-4.36700582542168
"6",0,0,0.0288595307784936,NA,-4.36700582542168
"7",0,0,0.0225085292781936,NA,-4.36700582542168
"8",0,0,0.0175551672740587,NA,-4.36700582542168
"9",0,0,0.0136918718327257,NA,-4.36700582542168
"10",0,0,0.0106787563659851,NA,-4.36700582542168
"11",0,0,0.0083287251675482,NA,-4.36700582542168
"12",0,0,0.00649585593482654,NA,-4.36700582542168
"13",0,0,0.005066338902673,NA,-4.36700582542168
"14",1,0.000281852726268794,0.00395140996571741,NA,-3.28735640468192
"15",2,0.223609402902309,0.223147838980202,NA,-2.2202569979711
"16",1,0.619785905329059,0.614172586647185,NA,-3.43528883524578
"17",1,0.704572556424751,0.699080082194085,NA,-3.36700582542168
"18",0,0.770399580220204,0.765302324825962,NA,-4.51389042127215
"19",1,0.598687982793083,0.596885303410812,NA,-3.28735640468192
"20",0,0.688125677862818,0.685597142230408,4.352013122537,-4.51389042127215
"21",2,0.534768522893623,0.534720521528331,4.46760242581532,-2.13957354094317
"22",1,0.861333404798253,0.857178715237677,4.72902050972873,-3.51389042127215
"23",1,0.892238762984303,0.888608824090183,4.67488105612372,-3.36700582542168
"24",4,0.916261267772642,0.913122234607953,4.66377565603831,0.00803329748608839
"25",7,1.6035415696405,1.59243907692672,4.96772926418026,3.07272787765843
"26",9,2.80625401955382,2.78245937902376,6.13474854486566,4.92632967500896
"27",4,4.18665162144567,4.15072867331952,6.65011016134667,-0.559755606401898
"28",12,4.14505458688889,4.11755841709679,7.37482077243603,8.49537655308711
"29",10,5.8956811418869,5.85221580647996,8.29926171049433,5.33911565933209
"30",9,6.81040758020337,6.76500208281114,9.33879730470997,4.48610957872785
"31",7,7.29840016870255,7.25684913445523,10.7903429090268,2.33911565933209
"32",13,7.23189616997123,7.2003253728322,11.6952726035362,9.05765324613787
"33",17,8.51742848909405,8.47663656933451,12.4829869788817,13.2187884540319
"34",13,10.4079315800835,10.3523390660673,13.044250838689,8.1967442746347
"35",28,10.9856236355974,10.9349992171542,17.7194746698464,25.3085956905845
"36",17,14.7776021937508,14.6904256794319,19.3943013090057,11.5117180463035
"37",26,15.2729059895849,15.1986844618621,21.7368905121554,22.9433074861582
"38",19,17.6636436165586,17.5756867670779,20.9648938518442,13.6034344496321
"39",11,17.9614761331063,17.8891296829941,20.1019139644706,5.45634177788649
"40",18,16.4099783281052,16.3730664701764,19.2680058703191,14.6551976963448
"41",26,16.7643450036509,16.7310992243505,21.2903422207175,22.7422021224962
"42",22,18.8226869649877,18.7708691424446,24.1865621266683,17.0449058545161
"43",30,19.5308118087347,19.4814910537434,26.9383413813353,26.8009771285491
"44",40,21.8640701811077,21.7962572435103,37.7338826759665,36.9760611648781
"45",29,25.9060082270063,25.80228209696,30.0326207129407,23.5117180463035
"46",34,26.5955633359976,26.5059910850104,34.5367189580589,30.3642074556213
"47",35,28.2457833443192,28.1551676508965,34.4433436917291,30.7797430020289
"48",58,29.7510894158604,29.6614825266343,54.0517121256575,56.0071084603357
"49",30,36.0468982083865,35.897826712928,30.7431740417186,23.4057165026612
"50",27,34.6992315507655,34.5999155795208,28.4321997271734,22.194662960241
"51",38,32.9833108766739,32.927432557598,37.8173607074495,35.2334646267715
"52",25,34.1013757803419,34.0437321843776,25.3468747563653,18.7296732556419
"53",24,32.0729605078284,32.0535142174904,24.6085002427289,19.4853103829039
"54",39,30.2737472038657,30.2812095577041,39.1848483894792,36.5970645206801
"55",58,32.2185591609418,32.1999188951784,57.8002282424286,56.1807562948462
"56",54,37.9644452343383,37.8776395435921,53.2565911456582,49.2742775257937
"57",42,41.5382746173545,41.4256229197919,42.2006222558188,36.4313162410362
"58",82,41.6411789298986,41.552023786325,81.9216268583408,82.4698275573101
"59",45,50.635912365191,50.4532481197636,45.5631068025603,36.5889300837462
"60",75,49.3798417455492,49.2531736190397,75.1092074069961,74.8261562798463
"61",40,55.0897829172321,54.9191747133921,40.120482429402,30.6028327087153
"62",70,51.7267368386276,51.6359716109148,69.9837876747602,69.8619006532513
"63",67,55.7992822393958,55.6772698823872,66.8961673566925,62.1747608615447
"64",74,58.2955759335443,58.1690178084498,73.5089514193114,70.653505515736
"65",83,61.7956065213352,61.6528787354155,83.4067312944326,79.9456972392189
"66",80,66.5214102475223,66.3506543236275,79.4603171996711,75.1920389085784
"67",55,69.525371183264,69.3544112292441,54.2191872290291,48.3750936833528
"68",124,66.2881150301377,66.1954933676693,123.34919066036,127.004578024201
"69",101,79.150309900756,78.9162999242198,100.682035097782,93.2755010360279
"70",93,84.0199302929137,83.7761714650964,93.4407022651833,87.2443949375563
"71",91,86.021310192125,85.8060225154585,91.1468678466073,86.2752772110595
"72",132,87.1309062232145,86.9490403645716,131.796907361408,131.392193336399
"73",87,97.1308399998783,96.8632248477018,87.7129826400076,78.0449426849559
"74",56,94.8729889809844,94.6926644083675,57.9684751503035,47.166358571121
"75",48,86.2094015806089,86.1777245226757,48.5267209326756,42.4029319838198
"76",80,77.6937072955211,77.7761053978685,79.5633171096668,78.0071253088599
"77",140,78.2077086352656,78.2655089873812,138.467219100937,142.988135073192
"78",98,91.9792999366117,91.8511714865642,98.3213851815644,89.3552170045178
"79",103,93.3211278376287,93.2043195822019,102.783362069104,99.3510482881328
"80",71,95.4782491991166,95.3600157890251,71.0017728744677,62.022508037177
"81",67,90.0228042512517,89.9992045543975,67.1777798590054,62.0563324337639
"82",68,84.8917329840017,84.9378616049295,67.974472103642,63.7797430020289
"83",58,81.1270879467422,81.210414152979,59.782179863056,52.1675761861286
"84",79,75.9727750679259,76.1025911519896,79.1659658557437,76.5558234353714
"85",122,76.6474499120046,76.7402123275358,121.622212805826,122.864050342474
"86",71,86.7551311533277,86.7003527614643,71.2929267227836,61.2710752836959
"87",65,83.2437995235937,83.2452389306599,65.0794168929607,59.8087009243412
"88",35,79.1778206567538,79.2300821801453,35.1376893463393,26.3316882183858
"89",45,69.3319502863244,69.4965449150895,45.2506769108474,41.0463976797069
"90",103,63.90911084297,64.1056882618054,102.068407509146,104.900757466054
"91",78,72.6212614557255,72.6650038687829,78.4746924524302,69.994310094052
"92",102,73.8200159817766,73.8390551273953,101.471251111249,101.029303727422
"93",61,80.1004631735912,80.03632162173,62.341999072781,51.4255453923392
"94",90,75.8435604647975,75.8470744677223,89.3803171217838,89.5558817631382
"95",71,78.9985931598998,78.9616521779085,70.4827156360052,63.8808945749552
"96",31,77.215954038562,77.2095632297249,31.5564935426517,20.9319758701109
"97",73,66.9158467506793,67.0404094880123,72.3831063271632,74.057046312066
"98",50,68.2718164050466,68.3519127336234,50.5476950203837,42.273838502637
"99",48,64.199593441534,64.3132807059858,48.8676541925806,43.2991095650017
"100",45,60.5892049092826,60.7232822741423,44.402002763148,40.1920389085784
"101",46,57.1148531093735,57.2631224372009,46.2733817953422,41.5748902575011
"102",86,54.6376959912908,54.7844921349359,85.4313621814235,85.492043560934
"103",18,61.6273839206011,61.6539640887691,18.4078335472478,6.93761095932129
"104",87,51.9041888807045,52.04721082761,86.501154300377,91.0102825897588
"105",86,59.7259601154254,59.7391313296212,86.2975180022109,81.5902932553462
"106",63,65.5816312862817,65.5182556544368,62.9501142118699,55.432349340899
"107",122,65.0062654893478,64.9640732055875,121.895415002439,125.110813076569
"108",98,77.7084068258006,77.5157414715267,97.7789759740354,90.1828280320295
"109",43,82.2307755853404,82.0236303088537,43.2680637351804,32.0434525498633
"110",31,73.4874486126094,73.4358560813055,30.5581142718788,24.8383542746318
"111",47,64.0183099092706,64.0971669769169,46.5833600667392,43.1270693477197
"112",65,60.2254547887712,60.3346618289747,64.8625660681267,63.1347301790472
"113",74,61.2895533008449,61.3613441389196,74.1561108428679,70.9402828562966
"114",100,64.1223188988238,64.1426825796441,100.180621509111,99.007618100248
"115",48,72.1183447792852,72.0336589950721,48.077576225518,39.6464178197926
"116",27,66.7431113993683,66.7446677946626,27.0039921218079,19.6129354446749
"117",20,57.8856006136729,57.9982177317624,20.3556771248034,14.5828785340075
"118",71,49.4420715530999,49.6361019484044,70.6809788949373,71.1175920554795
"119",89,54.2466672933998,54.3375695370268,88.9698328718898,87.1127016651295
"120",86,61.9921106784002,61.9655919592915,86.2039184889951,81.1876236815077
"121",73,67.3427269517711,67.254747999178,72.7740182869787,67.4252866332598
"122",74,68.6035582072502,68.5190826259909,73.5020555970793,69.7773498250354
"123",39,69.8062582400518,69.7252461888196,38.961968620938,30.7222589683234
"124",57,62.940495721204,62.9636641610308,57.0966871623198,54.2701563458927
"125",63,61.6165428883672,61.6512644437694,63.136537243825,59.5100642429813
"126",57,61.9248727059473,61.9480752826869,57.0404164903213,51.7705819144317
"127",64,60.8272708430041,60.8591721475271,64.4977557032879,60.6559127623543
"128",33,61.5343740802365,61.5503615697094,33.3990153310535,25.5906193728922
"129",59,55.1749443003432,55.2673977005097,59.2819560910784,57.4250664195438
"130",56,56.0274309558327,56.0888165581494,55.8883673882088,51.2001720873436
"131",52,56.0213174438656,56.0692710534637,51.6774920046974,47.0462764549223
"132",53,55.1250901134531,55.1737628498121,53.2179421708975,48.7773498250354
"133",63,54.6514732289737,54.6953915545054,62.4530590079437,59.539997736286
"134",59,56.5121017332686,56.5229535166716,59.2121005417144,54.0449058545161
"135",26,57.066577338106,57.0680672280717,26.0166732678348,18.543680020622
"136",62,50.1427977406363,50.2310419454589,61.9019553554131,61.6257010895345
"137",53,52.7854015329039,52.8209894686895,53.2544157557005,47.3139823096752
"138",24,52.8332288964386,52.8603836002729,23.5983796383762,15.4252484515814
"139",45,46.4071936177642,46.5091944228953,45.0162144094865,43.6221015293612
"140",63,46.0935736668333,46.1770720430264,62.2073210415424,61.2285358678107
"141",42,49.8614933973446,49.8792265068057,41.8590371419637,34.5683069159861
"142",31,48.1094095743413,48.145276646359,30.7499508939066,25.0171197834482
"143",40,44.2962511550431,44.3721841959014,40.215298214152,36.9378906800511
"144",37,43.3387496005861,43.4100151086461,36.8983160858782,32.1920389085784
"145",35,41.9260382909249,41.9993887237468,35.2819012606848,30.3391156593321
"146",48,40.3824384895017,40.4590612448668,47.7902774368093,45.3023480254934
"147",41,42.0801574366148,42.1185654729539,41.4570685714394,35.8982715924773
"148",70,41.8394237394233,41.8724072435828,69.2847766213723,69.0643221905488
"149",39,48.1155455420917,48.0623340711165,38.7796601753006,31.5191061270175
"150",53,46.0839722677894,46.0680224614222,53.1945864094445,50.6615800990886
"151",50,47.6253410251736,47.5935150304269,49.8275388758022,45.1980091424227
"152",0,48.1545790928858,48.1231005517409,0.181611169331752,-10.7600458644982
"153",38,37.4224122172285,37.5328423057215,38.2253595104101,38.0346964392344
"154",41,37.5511386766185,37.6356478308706,41.1175562024402,37.0698961665689
"155",35,38.3197832365084,38.3760273553222,35.1917810163417,29.7646111871266
"156",27,37.5799061914512,37.6330785193459,27.1104592551011,21.5992612966496
"157",45,35.2219722023193,35.2930994619075,45.2120204403624,42.4008381020914
"158",32,37.4011922893043,37.4292582357234,31.6240316492395,26.0594768503101
"159",22,36.1974335176927,36.2344630928207,22.0373133353376,16.1624123540647
"160",42,33.0332645313119,33.101941737836,41.7482835818418,40.4192463663273
"161",28,35.0316726410415,35.0601018273574,28.1205124493551,21.6400849827193
"162",23,33.4645302088942,33.5064134586182,23.8252869583718,17.8905724418957
"163",32,31.1323099591735,31.1943090744339,32.0171896966316,28.942454498778
"164",29,31.3256912427381,31.3716142536595,28.722758490558,24.1920389085784
"165",26,30.8073665685638,30.8497025913137,26.1698967696377,21.1920389085784
"166",9,29.7359531906841,29.7824479408537,9.30038759488093,3.08983655925693
"167",26,25.1145503218318,25.2089377523018,26.518361255463,22.9021182452379
"168",35,25.3118896794818,25.3830236569037,34.4751844968688,31.9440658448469
"169",20,27.4710699408028,27.4993931728235,19.8628719073343,13.4305939123653
"170",32,25.8059994354674,25.849031714853,31.6356582435547,29.3775377742
"171",35,27.1864506602254,27.2026507014921,34.6164280368932,31.0717109701537
"172",27,28.9278492350918,28.9185821722176,27.1011201696541,21.4563417778865
"173",19,28.498191244266,28.4963674679063,18.8641388788877,13.4563417778865
"174",21,26.3813380732779,26.4065398647141,22.308965799467,16.926329675009
"175",42,25.1820041925821,25.2167442628459,41.3841865255603,39.6218126321536
"176",-37,28.9302154929271,28.9101682198985,-36.2385877481934,-49.5356005265306
"177",26,14.2364088363827,14.4055811404183,26.0929945009747,28.9626329747974
"178",25,16.8581496096003,16.957118521171,25.1241592310474,20.7000564880059
"179",32,18.6727163385059,18.727083276691,31.5765919125215,28.6003102702328
"180",19,21.6429558245262,21.6480009683227,19.1942747020944,13.5792834160433
"181",20,21.0539226839999,21.0652659872278,19.8583278319473,15.7797430020289
"182",23,20.8190359020614,20.8308371624825,23.4730803011525,19.0724778536456
"183",28,21.3051053702162,21.3081961514836,27.3578737943311,24.2391288300295
"184",25,22.797190395883,22.7808346572112,24.8136676332549,20.5042656505233
"185",35,23.2881285519633,23.2691974975374,35.7933785750834,31.7960808844201
"186",22,25.898342599606,25.8507482810443,21.7232952541668,16.4252866332598
"187",14,25.0295225599426,25.003329509828,14.2143346679806,8.45634177788649
"188",26,22.5713829831476,22.5818707979182,25.8493735384662,23.2684240304451
"189",19,23.3355157130091,23.3340848189035,19.2207921000199,13.6034344496321
"190",21,22.3692633025312,22.3803001091467,21.7210852668338,16.9235222768779
"191",17,22.0640968461672,22.0765429853272,17.2635810268131,12.0449058545161
"192",33,20.9354662267878,20.9593684767182,32.6880590057897,30.1490254633327
"193",12,23.624277803385,23.6091020935207,12.5059286933578,5.66401931617307
"194",9,21.033585670986,21.054333432208,9.87448288475777,4.19110868875233
"195",30,18.3516714695467,18.4015844911157,30.6539193321317,28.4216845984558
"196",30,20.9477237654284,20.9540013984938,28.4642024999105,25.6310018301886
"197",25,22.9651962671935,22.9447181267329,25.1673530717764,20.0473917342091
"198",19,23.4186911088277,23.3970157874553,18.0328736559868,13.8237354352191
"199",27,22.4339014741712,22.4293821111732,25.9195850830711,23.2980641699951
"200",18,23.4515436646545,23.4352197074957,18.6520454496661,12.5219840756412
"201",16,22.2365631282002,22.239112647346,13.6836859048451,11.3391156593321
"202",32,20.8466260239155,20.8660960834951,28.3436032459911,29.5202056351957
"203",29,23.3323682522311,23.3162897827847,30.8637515106947,24.1920389085784
"204",28,24.5955081415758,24.5670811554464,26.360752918483,23.4854345303007
"205",20,25.3542641195057,25.3225498738919,22.3805825773318,14.8220718953374
"206",19,24.1609641860552,24.151237613344,19.387145894143,14.4861095787279
"207",15,23.0107448314805,23.0176253567259,14.7855037237114,10.0449058545161
"208",7,21.2253974782428,21.2532186149726,9.40357080096368,1.45634177788649
"209",16,18.0549961896225,18.1165698072501,17.6297502133679,12.3171361549229
"210",23,17.597001073658,17.6507847560478,23.5031428228573,19.6551976963448
"211",8,18.8011624888092,18.8279651579234,9.10869901226961,1.89363424730681
"212",10,16.3939173116186,16.4450981774798,9.5738050511503,5.92628408400653
"213",11,14.9689108247987,15.0267512019545,11.9179275229347,6.7797430020289
"214",3,14.0843633095109,14.1406001719452,4.83545828511278,-2.54365822211351
"215",3,11.6140014251588,11.6889328545059,3.68059347561088,-1.36700582542168
"216",3,9.6942068281874,9.77679415694621,3.93182852846941,-1.36700582542168
"217",21,8.20227509223156,8.28545217400369,19.7199503986074,18.2031700316441
"218",18,11.0544923045136,11.0834918558794,16.0721225231492,13.4246325006027
"219",13,12.6024312342744,12.6055801371234,11.9370388172569,8.04739173420909
"220",11,12.6910370204466,12.6923785386672,12.0078842588474,6.33831466405311
"221",7,12.3141571506975,12.3199435631769,7.78688377601571,2.04490585451609
"222",3,11.1297958205997,11.1492048630028,4.5107710528774,-1.95509414548391
"223",15,9.31791568260907,9.35584194562123,12.9684070896113,11.5143328812001
"224",14,10.5842766028897,10.5979292320161,15.0584828026295,9.48450312286131
"225",8,11.3455357435452,11.3466093376433,9.41697710917965,2.89800920668756
"226",4,10.5999192608646,10.6101344071455,7.31015341708649,-0.955094145483915
"227",11,9.12900130855859,9.1554685687026,10.1814495615093,7.14322023472779
"228",10,9.54598907086367,9.56138722266249,8.8547014666965,5.48610957872785
"229",12,9.64717407022717,9.65791098212005,9.47396949241758,7.92628408400653
"230",11,10.1715462272133,10.1733251439288,13.1632416659526,6.48610957872785
"231",12,10.3561829597069,10.355248172805,12.2737276164448,7.7797430020289
"232",12,10.7225389557887,10.7172021284085,10.5898475606423,7.63299417457832
"233",10,11.0072455270409,10.9995023248181,5.01971967298127,5.41665569043052
"234",18,10.7827616402622,10.7795458462047,10.9475879388242,14.365162730588
"235",5,12.3912609339367,12.3685223100138,11.5111011201282,-0.498248012123233
"236",6,10.7439773887618,10.7469610793383,9.5621696869448,1.77967813640188
"237",5,9.68669149924484,9.70231634245266,8.34976007864148,0.486109578727854
"238",24,8.64217286338263,8.66749639423447,9.53154372529905,21.3646950277089
"239",20,12.0649577113147,12.0416591327409,11.8149455154773,15.2742775257937
"240",24,13.833433308273,13.7930193740351,14.3545031502253,20.2173778314052
"241",13,16.0992467022111,16.0392287724687,21.6967724684414,7.51171804630351
"242",8,15.4085204322794,15.3703978534266,11.6675683667665,2.89774304957057
"243",8,13.7573902785391,13.7484238794144,7.15025313517652,3.63299417457832
"244",23,12.474245987767,12.4833912299672,10.0358916985203,19.9238793323339
"245",10,14.8201111303842,14.7977392555532,23.0483907062812,4.27561441874186
"246",21,13.7458573837008,13.7419199685407,15.0217971584396,18.2340028239072
"247",11,15.362581495187,15.3391766087438,20.4186989003048,5.16241235406475
"248",10,14.3902969586596,14.384271369164,11.109976223997,5.48531038290389
"249",12,13.4118355022082,13.4194423060375,11.6845038739298,7.92505163172202
"250",11,13.0971810187489,13.1070713155171,4.72425836560188,6.48610957872785
"251",16,12.6297842086083,12.6433765593965,20.658300930908,12.1744143089583
"252",19,13.3809011109163,13.3820552534764,12.0350455500374,15.0727278776584
"253",17,14.6332245265596,14.6183738820648,15.5315214492481,12.4166556904305
"254",9,15.1607056055485,15.1424888153343,13.2508521099186,3.89853020264973
"255",21,13.7876747977616,13.790735871699,8.45390514608539,17.8483829198568
"256",3,15.3950791005305,15.3772497913577,9.03727810168667,-3.36234405727648
"257",3,12.6325991900059,12.6534379387728,14.0411712594431,-1.36913895884821
"258",25,10.4857906434281,10.5290444653388,6.34328445749128,23.3148442344317
"259",20,13.720559170477,13.7136097660295,18.9282292108393,14.8977430495706
"260",16,15.1200523887287,15.0970305192585,17.6619114591108,11.0449058545161
"261",12,15.3161655057758,15.2957434010073,16.9586226295363,7.04490585451609
"262",20,14.5770947410489,14.5704623337213,13.3347008296145,16.0177242031497
"263",11,15.7856926622908,15.7653189697886,13.1053603467098,5.66942405213069
"264",7,14.7191097280232,14.7166342853831,11.984441721473,2.04490585451609
"265",19,12.998758822809,13.018465444736,14.6003089610092,16.1543601353501
"266",26,14.3362499397066,14.3347978281747,20.134557864369,22.6533806269395
"267",16,16.9357392177994,16.9019122093196,21.1957767150051,10.5910924398382
"268",21,16.7271918765767,16.7034319970635,13.7960490753037,17.3645263284439
"269",21,17.6794687040782,17.6489605311977,17.277497678715,16.6329941745783
"270",8,18.4195124684507,18.3864103829392,17.6590027079654,1.92113872590469
"271",22,16.0973252812529,16.1007145956073,8.51568399179142,19.1555417413195
"272",16,17.4128489819611,17.3989467374104,20.8360699633772,10.7505770590476
"273",14,17.0979686251987,17.0910861246954,26.9761738631229,9.3361853576136
"274",29,16.4075271991185,16.4108431655782,11.2452360467801,26.7552282416221
"275",15,19.2140000625933,19.1812885535021,20.312469717727,9.12001868218349
"276",27,18.274829733671,18.2611291066871,23.1821418371447,24.3775377742
"277",13,20.2194004283113,20.1842574686949,16.0488531246277,6.57631743559587
"278",15,18.6104192763968,18.6032466645891,17.2888787011632,10.9235222768779
"279",25,17.8057684436974,17.8102945840996,15.3825655229234,22.0900475868109
"280",15,19.4091402321919,19.3925042961551,19.4179362686642,9.16241235406475
"281",22,18.4264791926512,18.4258634457175,17.9525256343104,18.6559127623543
"282",22,19.2229064973967,19.2124093806722,16.7747741726327,17.6329941745783
"283",35,19.8418347792067,19.8258632979052,20.1723116429131,32.1858137991602
"284",17,23.2201211590864,23.1651748653884,19.5766941207317,11.2362241477442
"285",8,21.8338484613777,21.8084294934618,18.1715996906117,2.30932557875287
"286",16,18.7507113430223,18.7696636485537,18.4773077618025,12.7980041208916
"287",28,18.1376628289207,18.1601548480711,14.6190265591095,25.1543601353501
"288",36,20.3356728686276,20.3255702112754,24.3398065225094,32.8009771285491
"289",21,23.8267670892728,23.7749792771609,26.990132888603,16.1567494603423
"290",16,23.1967681007618,23.1643006875532,28.7885878699621,10.8977430495706
"291",11,21.5928309949301,21.5876816924461,17.9403051242061,5.89774304957057
"292",17,19.2320164667014,19.2576929331163,8.36599810632995,12.7727776692507
"293",24,18.7345690039451,18.7608514800971,18.502754007917,20.5959642333295
"294",20,19.9080707806488,19.9138099382781,30.1844091140255,15.0449058545161
"295",22,19.9285589614493,19.932777440401,21.0712794509974,17.926329675009
"296",12,20.3902191258114,20.3877028402017,19.6752858504216,6.59109243983816
"297",8,18.5202986846452,18.5418546269699,13.4660562485792,3.04490585451609
"298",5,16.175649365884,16.2219508466311,6.92380557780866,0.19203890857841
"299",12,13.6849426418744,13.7523810116164,4.37792015044904,8.00305166440436
"300",18,13.3094210206881,13.366741531914,12.457701909284,14.5103180019072
"301",22,14.3548060556673,14.3863641899518,18.6129739934946,18.2187884540319
"302",32,16.058683417965,16.0618665681259,18.7158855968395,28.9172516438314
"303",26,19.6115100234281,19.5693078399447,20.3666048350343,21.5305272680755
"304",37,21.035306925064,20.9844845408394,15.1847012202032,34.1788390782817
"305",14,24.5933434280594,24.5089549658751,19.2613850147249,7.33593416384731
"306",11,22.2324146943291,22.1962912823548,22.8276978483883,6.19203890857841
"307",38,19.7290567336334,19.7323682450121,16.8150616114535,36.7547964170262
"308",30,23.8010851015292,23.7524528948053,24.423038843629,24.4578123740466
"309",27,25.1826315793846,25.1273255960571,27.9764135388419,22.1920389085784
