"","OBS","ARIMA","ETS","NNAR","FTS_GA"
"1",0,0,0,NA,NA
"2",0,0,0.1,36.7974044183238,NA
"3",0,0,0.0779841383258483,36.7974044183238,NA
"4",0,0,0.0608052270772835,36.7974044183238,NA
"5",0,0,0.0474106096273812,36.7974044183238,NA
"6",0,0,0.036966655882609,36.7974044183238,NA
"7",0,0,0.028823372192076,36.7974044183238,NA
"8",0,0,0.022473950231289,36.7974044183238,NA
"9",0,0,0.0175232250977666,36.7974044183238,4.61777781840518
"10",0,0,0.0136630816864359,36.7974044183238,4.61777781840518
"11",0,0,0.0106532787274424,36.7974044183238,4.61777781840518
"12",0,0,0.00830649704431217,36.7974044183238,4.61777781840518
"13",0,0,0.00647668149050033,36.7974044183238,4.61777781840518
"14",1,0.000466857379283425,0.00504995100890493,36.7974044183238,6.01717117474591
"15",3,1.22410645601417,1.22409612783107,37.7751870040202,8.31874716509058
"16",4,3.62037193700499,3.61517647349131,39.7308227165004,9.08081963409802
"17",5,4.70506410262358,4.70007683372519,40.7086758307451,10.080819634098
"18",5,5.77077530350687,5.76614610566235,41.6865524419673,9.61777781840518
"19",6,5.59896238850075,5.59750252479136,41.6865524419673,11.080819634098
"20",6,6.68834195861574,6.68603895832049,42.6644525438969,10.6177778184052
"21",8,6.53493186546915,6.53504194566114,42.6644525438969,13.2371773013026
"22",9,8.86148368218283,8.85749626636373,44.6203231947929,14.080819634098
"23",10,9.89235769296311,9.889016644509,45.5982937312147,15.080819634098
"24",14,10.9163587559177,10.9134648814082,46.5762877332554,19.4693787448927
"25",21,15.6036592851941,15.5930033166338,50.4884982721205,26.4961003730952
"26",30,23.8064128441719,23.7837098445128,57.3357686917871,37.2415032280383
"27",34,34.1868478381322,34.1528220745182,66.1410858877034,39.101398618968
"28",46,38.1452061436538,38.1198005481591,70.0551671464318,57.4633375013593
"29",56,51.8958900049922,51.8546790291945,81.7996469355994,65.2909300476231
"30",65,62.8106172066041,62.7680976407691,91.5892695239963,72.7233697589715
"31",72,72.2985881729553,72.2598860034346,100.401911072157,77.6972525351808
"32",85,79.232038976427,79.2028937475993,107.257482411424,99.5030224192395
"33",102,93.517605558003,93.4791505714766,119.992255096974,121.278581764628
"34",115,112.408166183897,112.355670516009,136.651278901746,130.210900256051
"35",143,125.985835654326,125.938697183159,149.394995524958,167.042718672052
"36",160,157.777961380403,157.695155269815,176.856067820139,180.997245613082
"37",186,175.273210529955,175.204298155426,193.537522458948,210.786944491617
"38",205,203.664002831889,203.581296144487,219.062908376705,226.905003335885
"39",216,222.961770548311,222.894718964237,237.725633916348,229.859604285608
"40",234,232.4101276002,232.376929487653,248.534039476347,255.543527495445
"41",260,250.764479171263,250.733570821617,266.226299400242,284.450101893136
"42",282,278.822896730206,278.77381786555,291.794381816751,304.303704445715
"43",312,301.531011117022,301.485019198169,313.440465406597,341.059484119727
"44",352,333.864344658586,333.800306452216,342.974787440497,390.703550864494
"45",381,377.90642869636,377.808180590406,382.384002961997,410.75349981943
"46",415,407.595925433809,407.512712789078,410.976995067146,452.546552610863
"47",450,443.24614931866,443.16142376323,444.522387049182,488.134751189925
"48",508,479.751450975329,479.667746314773,479.079601849228,560.768776862679
"49",538,544.047501870783,543.906022088386,536.40136790583,569.754595708811
"50",565,572.699631594814,572.608602507634,566.077377545261,593.442909738286
"51",603,597.983533810357,597.932910657737,592.801227028019,641.603335740483
"52",628,637.101606332101,637.047710802049,630.437093949749,653.175592800976
"53",652,660.07303570905,660.056287598425,655.213013521771,675.097259019815
"54",691,682.273713426756,682.281718868278,679.009342113975,729.562426070735
"55",749,723.218632592102,723.200315438107,717.702049775042,805.012972329324
"56",803,786.964796800583,786.881212854189,775.298501139633,858.264586338799
"57",845,844.538731000514,844.432490760677,828.979223185517,885.043009357599
"58",927,886.64153886844,886.559049721917,870.767826395814,999.022791825542
"59",972,977.636653099347,977.462530322992,952.446193626618,1016.48701278723
"60",1047,1021.38035300546,1021.26396392668,997.319795905952,1122.90445313757
"61",1087,1102.0904728864,1101.92942607018,1072.18597831151,1125.76999088725
"62",1157,1138.7271006565,1138.64516591801,1112.1530457245,1228.71067958049
"63",1224,1212.79977370488,1212.68464319541,1182.15812182722,1293.91337042198
"64",1298,1282.29608580677,1282.17765771251,1249.23586431537,1370.29818289739
"65",1381,1359.79618214543,1359.66221777326,1323.40203490952,1465.40395573552
"66",1461,1447.52209979406,1447.3615015677,1406.68532126806,1540.89827709317
"67",1516,1530.52606100928,1530.36627495835,1487.05173729859,1572.79377007999
"68",1640,1582.28848518404,1582.20478384452,1542.35491703759,1741.75945331706
"69",1741,1719.15125679755,1718.92745757394,1667.18494453719,1838.55859424207
"70",1834,1825.02091573393,1824.79271555174,1769.00347658329,1925.15989007933
"71",1925,1920.0221785769,1919.82199270664,1862.86346044979,2014.54187996857
"72",2057,2012.13163793354,2011.96289923343,1954.79789055609,2181.94734765312
"73",2144,2154.13192116599,2153.87872445791,2088.30555623315,2232.49735566477
"74",2200,2238.87371345164,2238.70835591988,2176.39066052326,2255.3173056904
"75",2248,2286.20952053464,2286.18538686695,2233.12487728773,2302.7443193703
"76",2328,2325.69336327094,2325.77466199155,2281.77534063428,2411.60889532121
"77",2468,2406.20746763185,2406.26075886644,2362.9005086572,2603.86423184079
"78",2566,2559.97981850163,2559.85340802179,2504.98299902801,2660.63944943075
"79",2669,2659.32159959908,2659.21282641279,2604.51758656688,2772.00881252097
"80",2740,2764.47872637592,2764.36817359015,2709.19002530773,2811.7854789134
"81",2807,2830.02289545955,2830.00429197362,2781.37428114334,2876.91337042198
"82",2875,2891.89154087421,2891.93725444679,2849.51258328376,2945.87894543247
"83",2933,2956.12674570018,2956.20606432365,2918.68616069538,2996.40803342929
"84",3012,3008.97224492067,3009.0953502877,2977.69996958203,3089.97952790691
"85",3134,3088.64707250424,3088.7325060975,3058.09708751362,3244.16145714185
"86",3205,3220.75535592467,3220.69882631043,3182.28360568628,3276.95848039519
"87",3270,3288.24379422689,3288.24713531052,3254.56764948411,3336.96576044901
"88",3305,3349.17760814162,3349.22829645616,3320.74781748004,3355.6450686054
"89",3350,3374.33128049333,3374.48922547598,3356.38438636425,3394.48701278723
"90",3453,3413.90831238986,3414.09327482932,3402.20331048606,3553.72873844159
"91",3531,3525.62108749756,3525.65646905505,3507.07630658081,3607.2233878733
"92",3633,3604.81994223683,3604.83679625831,3586.48941472347,3737.35811834992
"93",3694,3713.10072776497,3713.03770425881,3690.32402723789,3756.65243633013
"94",3784,3769.84354789929,3769.84921473814,3752.41102924336,3874.13762090428
"95",3855,3862.99874510404,3862.96272233188,3843.99665109168,3926.84133336614
"96",3886,3932.21598074937,3932.21107989518,3916.22912563204,3926.15617112963
"97",3959,3952.91533958323,3953.03651370858,3947.76140731728,4031.07177639812
"98",4009,4027.27149177463,4027.34479106314,4021.99918095468,4061.92219356742
"99",4057,4073.19913244591,4073.30662544912,4072.83311466477,4107.271191284
"100",4102,4117.58866161261,4117.71474113889,4121.62210165439,4147.38556739896
"101",4148,4159.11425282741,4159.25336971269,4167.35072981677,4194.42980606335
"102",4234,4202.63710253549,4202.77426702171,4214.08378462117,4313.80072316326
"103",4252,4295.62728098619,4295.64775234989,4301.41990557906,4278.78951179984
"104",4339,4303.90361053267,4304.04145589281,4319.69354618426,4427.35484152389
"105",4425,4398.72591156942,4398.73350220164,4407.98466542394,4513.23239728982
"106",4488,4490.58189368865,4490.51980479448,4495.20620494812,4548.7978693041
"107",4610,4553.00643991736,4552.96768290848,4559.06381431532,4712.93058735856
"108",4708,4687.70919341676,4687.52358618157,4682.62760300788,4802.08137856266
"109",4751,4790.23161865142,4790.03736616484,4781.78372323657,4800.05649714401
"110",4782,4824.48765564246,4824.4450076643,4825.26094043604,4815.6407867955
"111",4829,4846.01798546199,4846.09645756254,4856.59313153497,4877.4042896249
"112",4894,4889.22500825428,4889.32826735934,4904.07730653464,4959.59132068966
"113",4968,4955.28926082982,4955.35507457083,4969.70699756439,5041.91430077252
"114",5068,5032.12223680535,5032.13943249422,5044.36519228207,5168.51356645469
"115",5116,5140.11869081367,5140.03571387303,5145.15040936511,5165.60471332529
"116",5143,5182.74310480553,5182.74764160927,5193.48288093784,5173.77797338866
"117",5163,5200.88514150383,5200.99444473682,5220.65681044754,5186.87686298733
"118",5234,5212.4412820026,5212.62565316356,5240.77946712919,5305.94454082745
"119",5323,5288.24629997457,5288.32758848783,5312.17152104266,5412.04070127489
"120",5409,5384.99222221517,5384.96316275469,5401.56434935349,5497.23239728982
"121",5482,5476.34308787134,5476.25855766175,5487.83536679148,5554.07177639812
"122",5556,5550.60390330793,5550.52499685474,5560.97832586071,5628.29818289739
"123",5595,5625.80658806808,5625.73094191097,5635.03867983215,5636.87529185902
"124",5652,5657.94040013704,5657.96580945868,5674.03528127302,5711.9865180358
"125",5715,5713.61640074976,5713.64930240998,5730.98552825506,5778.15274534886
"126",5772,5776.9247780505,5776.94607167915,5793.8672842733,5827.53692099705
"127",5836,5832.82714102758,5832.8572868715,5850.70168873633,5901.11134719826
"128",5869,5897.53430944023,5897.54868609501,5914.44777650469,5907.74637473471
"129",5928,5924.17456811912,5924.26376210723,5947.28819457621,5984.81506341027
"130",5984,5984.02718231169,5984.08346329002,6005.95332907245,6039.4359292749
"131",6036,6040.02112390431,6040.06546291805,6061.57562834908,6090.79592453839
"132",6089,6091.12489377457,6091.1704078532,6113.17165328427,6144.11235773487
"133",6152,6143.65129637529,6143.69216604667,6165.70614134807,6215.15274534886
"134",6211,6208.51205966207,6208.52098955941,6228.08082593015,6267.81506341027
"135",6237,6268.06657306302,6268.06759844658,6286.42293422605,6269.27264909896
"136",6299,6287.14243954481,6287.22804762226,6312.11046442076,6360.22659906238
"137",6352,6351.78525861679,6351.81662791278,6373.30879171931,6407.11235773487
"138",6376,6404.8331202849,6404.85817972911,6425.55937857423,6399.90729492344
"139",6421,6422.40677985158,6422.50482119274,6449.20030398453,6469.98874882016
"140",6484,6467.09323604669,6467.170627011,6493.49350001405,6547.15274534886
"141",6526,6533.8614241483,6533.87560753686,6555.42951322699,6568.27153325789
"142",6557,6574.1092659577,6574.14341286814,6596.67121763507,6590.6407867955
"143",6597,6601.29594410693,6601.3683527848,6627.08606516511,6636.47978863513
"144",6634,6640.33846191143,6640.4049025836,6666.29873945638,6672.51957364037
"145",6669,6675.92574231452,6675.99436989105,6702.53774478411,6707.13475118992
"146",6717,6709.38212936432,6709.45385660054,6736.78864708055,6766.86939688682
"147",6758,6759.08000422483,6759.11450347198,6783.71458704545,6797.24037520368
"148",6828,6799.83929233692,6799.86989290001,6823.75389027301,6888.81866396735
"149",6867,6876.11576510496,6876.06286656956,6892.02025202229,6905.66580984045
"150",6920,6913.08403876748,6913.07042019678,6930.00259468388,6974.6893167296
"151",6970,6967.62547170518,6967.59511778414,6981.55942580185,7023.22609990259
"152",6970,7018.1547077726,7018.12526844809,7030.13361546723,6997.8227972736
"153",7008,7007.42196214689,7007.53031715544,7030.13361546723,7046.53515395419
"154",7049,7045.55079551597,7045.6288943259,7067.00774828454,7088.24037520368
"155",7084,7087.31955595603,7087.37111940295,7106.7516486867,7122.49900931144
"156",7111,7121.57969164547,7121.62927658159,7140.64510581516,7143.35644662671
"157",7156,7146.22168462016,7146.28881158778,7166.76975146474,7200.48701278723
"158",7188,7193.40108049804,7193.42574714867,7210.26841192014,7223.28593820689
"159",7210,7224.19728494469,7224.23219631298,7241.16828058267,7233.44965129227
"160",7252,7243.03298689502,7243.09831139051,7262.39614808565,7292.0430093576
"161",7280,7287.03155931151,7287.05666717753,7302.88609009863,7307.78124531182
"162",7303,7313.46436181549,7313.50397404151,7329.85296684067,7325.00191077102
"163",7335,7334.13205956103,7334.19072577594,7351.98841254225,7370.28593820689
"164",7364,7366.32550656508,7366.3678407922,7382.76152885698,7393.75349981943
"165",7390,7394.80719648558,7394.84662141886,7410.62537243962,7414.45010189314
"166",7399,7419.73576610132,7419.77935842793,7435.5869910227,7420.51407243608
"167",7425,7424.11416806421,7424.20411744406,7444.22317942021,7449.45010189314
"168",7460,7450.31160273412,7450.37725342206,7469.15948470328,7497.12001689384
"169",7480,7487.47095761727,7487.4958638347,7502.69768700963,7501.82994883934
"170",7512,7505.80582680462,7505.84655010112,7521.84688297308,7547.28593820689
"171",7547,7539.18638725951,7539.20053319193,7552.4620244746,7585.13475118992
"172",7574,7575.92788921935,7575.91827028224,7585.91392239916,7599.97619542073
"173",7593,7602.49820029498,7602.49672893259,7611.69567085541,7614.78706149067
"174",7614,7619.38123660891,7619.40574980117,7629.82578471422,7635.92017787559
"175",7656,7639.18186387161,7639.21467476406,7649.85217072643,7695.06326945547
"176",7619,7684.93029855876,7684.90956648653,7689.86643259266,7631.93872846167
"177",7645,7633.23572026747,7633.40069127289,7654.61847034027,7669.45010189314
"178",7670,7661.85774888481,7661.9477674992,7679.39148639512,7693.27295091228
"179",7702,7688.67249793183,7688.72169942125,7703.19305306694,7737.28593820689
"180",7721,7723.64293833403,7723.64583944706,7733.63224977768,7742.78706149067
"181",7741,7742.0538789013,7742.06466707074,7751.69121243012,7762.82994883934
"182",7764,7761.81898983871,7761.830006031,7770.68907640234,7786.09788723127
"183",7792,7785.30509448665,7785.30764210238,7792.52189280157,7819.78124531182
"184",7817,7814.79725841385,7814.78124003688,7819.07961621473,7840.27295091228
"185",7852,7840.28820657275,7840.27039048685,7842.77196016162,7889.12001689384
"186",7874,7877.89853701581,7877.85298766103,7875.90951917985,7895.93294618746
"187",7888,7899.02962911379,7899.00589585101,7896.71980576098,7909.01877801046
"188",7914,7910.57133979796,7910.58246654251,7909.95503210298,7938.45010189314
"189",7933,7937.33552131806,7937.33376195479,7934.51882560764,7954.78706149067
"190",7954,7955.36921813372,7955.37998973807,7952.45616279231,7975.79520957953
"191",7971,7976.0640461035,7976.07573837672,7972.26869405665,7991.99724561308
"192",8004,7991.93536894649,7991.95813240686,7988.2974203373,8040.60109836138
"193",8016,8027.62434001816,8027.60874416031,8019.38638736054,8031.73428277836
"194",8025,8037.03350123515,8037.05418705094,8030.6830520715,8036.46333750136
"195",8055,8043.35146839314,8043.39918940439,8039.15259659934,8086.75459570881
"196",8085,8075.94769900967,8075.95199863534,8067.36607234986,8116.75459570881
"197",8110,8107.96528043318,8107.9451578037,8095.55122449811,8133.27295091228
"198",8129,8133.41877975943,8133.39845664481,8119.01711279087,8150.82967878354
"199",8156,8151.43391989156,8151.43030463998,8136.83791689841,8181.97619542073
"200",8174,8179.45161013572,8179.4359212302,8162.14242482223,8195.54352749545
"201",8190,8196.23655251117,8196.23961472796,8178.99914361933,8210.08176772656
"202",8222,8210.84654653294,8210.86536449085,8193.97416560897,8255.83092055838
"203",8251,8245.33243388326,8245.31612453255,8223.89947847337,8280.75349981943
"204",8279,8275.59562388609,8275.56859563376,8250.99069389142,8306.78124531182
"205",8299,8304.35439295635,8304.32461903496,8277.12180578872,8320.96605464637
"206",8318,8323.1610031459,8323.15270248551,8295.77122973377,8339.78706149067
"207",8333,8341.01071615423,8341.0177565092,8313.47605601464,8352.551101617
"208",8340,8354.22528368584,8354.25206144748,8327.44518107315,8354.20297333554
"209",8356,8358.05474526258,8358.11354303413,8333.96157356718,8376.08176772656
"210",8379,8373.59678259914,8373.64679866668,8348.85012148054,8401.09788723127
"211",8387,8397.80105442647,8397.82514005307,8370.23759478721,8393.51732266075
"212",8397,8403.39370995257,8403.44242918473,8377.67261038361,8406.29093004762
"213",8408,8411.96867664431,8412.02298699259,8386.96339389401,8419.14504439542
"214",8411,8422.08413598641,8422.13664548644,8397.17941817308,8416.44446932819
"215",8414,8422.61369815124,8422.68441346605,8399.96490803389,8419.20044475836
"216",8417,8423.69387275036,8423.77134786797,8402.75009825001,8422.20044475836
"217",8438,8425.2019390059,8425.27970613465,8405.53498868725,8459.86465486793
"218",8456,8449.05437731371,8449.07950918732,8425.02081668097,8477.54352749545
"219",8469,8468.60242121123,8468.60439087336,8441.71122355774,8484.21090025605
"220",8480,8481.69103377277,8481.69218184159,8453.75865434422,8491.14504439542
"221",8487,8492.31413531015,8492.31967311252,8463.9482020124,8492.69725253518
"222",8490,8498.12971814425,8498.14833149195,8470.4303410357,8495.20044475836
"223",8505,8499.31776245213,8499.35387247345,8473.2078956767,8523.7787979496
"224",8519,8515.58422243096,8515.59609872201,8487.0911189012,8536.12515316697
"225",8527,8530.3455326633,8530.34606329477,8500.0419414878,8533.51732266075
"226",8531,8537.59987865108,8537.60974008133,8507.43943572486,8536.30395360728
"227",8542,8540.12889435901,8540.1542131968,8511.13737024354,8553.14504439542
"228",8552,8551.54592733071,8551.55991602816,8521.30389377747,8561.29093004762
"229",8564,8561.64713127692,8561.65698946172,8530.54262459911,8577.1671378047
"230",8575,8574.17153984803,8574.17286756666,8541.62461495807,8586.14504439542
"231",8587,8585.35618746575,8585.35520293175,8551.77879969344,8600.1671378047
"232",8599,8597.72256123485,8597.71740215065,8562.85138642567,8612.1671378047
"233",8609,8610.00727743297,8609.99994211232,8573.91905474811,8618.29093004762
"234",8627,8619.78277492922,8619.77992490035,8583.13834856071,8646.61182177691
"235",8632,8639.39135370357,8639.3693863406,8599.72444030658,8639.78527875601
"236",8638,8642.74396505146,8642.74767669974,8604.32971421008,8643.23833429201
"237",8643,8647.68662772123,8647.70169552492,8609.85490857561,8648.07317455607
"238",8667,8651.64206976416,8651.66610049159,8614.458291247,8689.45334306487
"239",8687,8679.06505302339,8679.04151895886,8636.54253792372,8708.91226122937
"240",8711,8700.83359801915,8700.79518531451,8654.93088266601,8733.46590429864
"241",8724,8727.09949083495,8727.04266153306,8676.9786066065,8739.21090025605
"242",8732,8739.40867474989,8739.37381704686,8688.91277130555,8738.51732266075
"243",8740,8745.75742557422,8745.75010246943,8696.2539494479,8746.51732266075
"244",8763,8752.47420765005,8752.48342817931,8703.5928974744,8785.09788723127
"245",8773,8777.8202015731,8777.79816527839,8724.67992888015,8782.29093004762
"246",8794,8786.74587260836,8786.74286278899,8733.84243328231,8815.86465486793
"247",8805,8809.36267619065,8809.34010276402,8753.07228232262,8816.14504439542
"248",8815,8819.39032071458,8819.38531972288,8763.13887936125,8824.29093004762
"249",8827,8828.41180381302,8828.41941843316,8772.28663684959,8840.1671378047
"250",8838,8840.09714026506,8840.10648133297,8783.25929477318,8849.14504439542
"251",8854,8850.62972858202,8850.64257893143,8793.31310084376,8874.08176772656
"252",8873,8867.38089638039,8867.38153280378,8807.92918403084,8894.78706149067
"253",8890,8887.63328503736,8887.61882356043,8825.2740068548,8910.99724561308
"254",8899,8905.16077966535,8905.14362367278,8840.78219713933,8907.90384650341
"255",8920,8912.78766197733,8912.79129084442,8848.98825450257,8941.99445205161
"256",8923,8935.39515152393,8935.37773399977,8868.12449646772,8929.58547619775
"257",8926,8935.63251388262,8935.65339232596,8870.85696064001,8931.20044475836
"258",8951,8936.4856143162,8936.52687318602,8873.58910327517,8973.69641232829
"259",8971,8964.72058793899,8964.71228841162,8896.34443799545,8992.82994883934
"260",8987,8986.12014647537,8986.09803412959,8914.53257542118,9007.08176772656
"261",8999,9002.31624867398,9002.29724042259,8929.07273561049,9012.1671378047
"262",9019,9013.57712149212,9013.57141501033,8939.97180635655,9040.82994883934
"263",9030,9034.78577539693,9034.76623401885,8958.12537874967,9041.14504439542
"264",9037,9044.71911935574,9044.71745108387,8968.10368109174,9042.69725253518
"265",9056,9049.99867812929,9050.01790961672,8974.45122926832,9077.78706149067
"266",9082,9070.33625578339,9070.33414420569,8991.67133376959,9105.17066988482
"267",9098,9098.93587699408,9098.90308295754,9015.21443372411,9118.08176772656
"268",9119,9114.72728825626,9114.70543169128,9029.690258004,9140.92017787559
"269",9140,9136.67959241091,9136.65082731933,9048.67559233834,9161.79520957953
"270",9148,9158.41964653387,9158.38860734183,9067.64478755835,9154.51732266075
"271",9170,9164.09731044399,9164.10180188269,9074.86689402951,9191.83828901393
"272",9186,9187.4129048779,9187.39929891668,9094.71556173645,9206.08176772656
"273",9200,9203.09799592405,9203.09182286442,9109.13976653769,9217.12515316697
"274",9229,9216.40751302548,9216.41099105253,9121.75320021781,9255.19885981222
"275",9244,9248.21413289183,9248.18225970078,9147.85797777628,9262.7787979496
"276",9271,9262.27488482133,9262.26276202226,9161.3482223666,9296.97619542073
"277",9284,9291.21954290564,9291.18592071762,9185.60959816876,9299.21090025605
"278",9299,9302.61044753108,9302.60475480459,9197.28132198499,9317.7787979496
"279",9324,9316.80574915914,9316.8104161371,9210.74086146229,9348.89195667064
"280",9339,9343.40920742551,9343.39290337417,9233.15473744325,9357.7787979496
"281",9361,9357.42648104427,9357.42648904731,9246.59182615221,9383.54700186624
"282",9383,9380.22294875666,9380.21278761345,9266.28427654411,9404.81202764818
"283",9418,9402.84189934245,9402.82677490404,9285.95851702104,9452.62189816811
"284",9435,9441.22034448419,9441.16757074427,9317.22080703149,9455.99724561308
"285",9443,9456.83395095922,9456.8112489612,9332.38862548413,9457.67117435601
"286",9459,9461.75063297201,9461.76996481141,9339.52263088792,9479.08176772656
"287",9487,9477.1375705039,9477.15874775238,9353.78335131985,9514.78124531182
"288",9523,9507.33571377855,9507.32510637276,9378.71617888387,9561.32421629948
"289",9544,9546.82697781481,9546.77705646965,9410.72872457076,9565.79520957953
"290",9560,9567.19689956952,9567.16723594284,9429.37980982966,9580.08176772656
"291",9571,9581.59285095317,9581.58902861897,9443.57880629979,9582.14504439542
"292",9588,9590.23191097471,9590.25704376387,9453.33491067256,9608.99724561308
"293",9612,9606.73446152773,9606.7590739214,9468.40336824509,9634.46590429864
"294",9632,9631.90804740582,9631.91268254813,9489.65751903305,9653.82994883934
"295",9654,9651.92854184652,9651.93243196674,9507.35231503496,9675.83828901393
"296",9666,9674.39022948754,9674.38763364397,9526.7987048726,9679.1671378047
"297",9674,9684.52021089546,9684.54123122562,9537.39791474106,9683.76800954443
"298",9679,9690.1754609698,9690.21964695767,9544.46094763188,9685.11886264217
"299",9691,9692.68466857614,9692.74848758831,9548.87407991681,9704.1671378047
"300",9709,9704.30918879176,9704.36241751123,9559.46162940012,9730.54352749545
"301",9731,9723.35467916653,9723.38324586222,9575.33243800521,9752.81202764818
"302",9763,9747.05867214101,9747.06060512368,9594.71292723104,9792.25692314581
"303",9789,9782.61168335758,9782.57056430524,9622.86894356595,9813.45010189314
"304",9826,9810.03551460215,9809.98765889111,9645.71614607706,9863.98219837332
"305",9840,9850.59368718269,9850.51355871172,9678.18364036724,9857.12515316697
"306",9851,9862.23256082497,9862.200514403,9690.45456527514,9863.53128503525
"307",9889,9870.72904198671,9870.7335700063,9700.09057548138,9927.55522149223
"308",9919,9912.80128235043,9912.7539584175,9733.34176722523,9950.75459570881
"309",9946,9944.18285567557,9944.13091063947,9759.55224396975,9971.97619542073
