"","OBS","ARIMA","ETS","NNAR","FTS_GA"
"1",2.714285714,2.71157142990794,2.69079806749816,NA,NA
"2",3.714285714,2.79955271065034,3.48758376453342,NA,NA
"3",4.142857143,3.89275303437269,4.53476340937691,NA,NA
"4",3.714285714,4.36491941303571,4.8818026955535,NA,NA
"5",4.142857143,3.88949328548106,4.21022661692343,NA,21.6085929574928
"6",4.857142857,4.1769936721086,4.62465304096302,NA,22.4057851840172
"7",3.428571429,4.77756811978868,5.38731311658741,NA,20.0662639257482
"8",3.857142857,3.35136986900887,3.55114861423317,NA,21.3228786708904
"9",2.857142857,3.6371044380702,4.04318786091198,10.4892635825187,19.4628810685855
"10",3.714285714,2.69061425140372,2.79640238356377,8.67433573795813,21.3043909813808
"11",5,3.62201534195042,3.84443130623511,10.7897973649746,22.848369142715
"12",5.142857143,5.19394850697522,5.37072022114906,10.5240371452941,22.4364987185962
"13",5,5.65040057251842,5.46628260847843,10.7524552185841,22.2044521102503
"14",6.428571429,5.50433110776135,5.22636668010951,11.5859270058992,24.4523104229257
"15",7,6.65871624383053,6.90506926112767,13.1107760528606,24.5517978807505
"16",8.285714286,7.09325754636176,7.49638211315993,13.7141449497341,26.2679711998876
"17",11.28571429,8.37005645272303,8.94636817360797,14.7897521368169,29.8108181515275
"18",15.42857143,11.6668010450621,12.4332754368047,17.3913399127443,34.7775127127579
"19",18.28571429,16.4740750574052,17.1997106329027,21.9523091877388,37.2158437356564
"20",20.85714286,20.0329558212611,20.2831744232877,24.674008186179,39.6979151548989
"21",37.85714286,22.8068901411287,22.9741634981448,27.7336088406042,61.3359569066915
"22",43.71428571,39.8688884121588,43.0714025548522,47.7153005223018,64.457201963789
"23",64.14285714,47.5180318217749,49.0639277269137,47.8259692329684,92.6689606406324
"24",78.28571429,68.9412762664134,72.6305232022651,75.9833561531854,104.05583454852
"25",91.42857143,84.8172051178124,87.951854903715,84.0497481105518,116.590462272632
"26",108.4285714,98.2429211097565,101.81883048287,106.258160219842,135.938582049915
"27",133,114.052519991969,120.194703701339,123.418181202849,162.760557948988
"28",133.1428571,137.690162844318,147.431649087495,147.09369970074,154.234456830722
"29",154.7142857,138.06561648085,144.602354403648,145.702094340351,185.014113197515
"30",161.1428571,157.626108676839,168.276562618636,174.056045021314,182.231531955975
"31",188.8571429,164.19941067309,173.221680872042,172.257706435906,220.992980078894
"32",196.7142857,192.250180355061,204.188971764859,212.394888519225,218.667992386575
"33",214.1428571,203.100508089098,210.492295411488,203.652593927149,241.914109350487
"34",219.4285714,221.161231233297,228.679753830243,233.169273375133,240.576571854017
"35",232,225.649665453419,232.040670489324,238.111038965254,256.814507565229
"36",259.1428571,234.974937845932,244.602642752755,254.319411715616,289.80781463917
"37",274.4285714,260.436034392857,274.771342875674,279.728582982689,300.894282255177
"38",284.7142857,278.406442195104,289.987286036536,285.755331481786,308.811557948664
"39",330.5714286,291.543778246552,299.175641746725,305.346770717498,369.970514808637
"40",348.4285714,339.145844667075,351.565744201186,353.880067097605,376.461130371688
"41",381.1428571,361.377665577673,368.773404155087,366.080408987301,418.267811788087
"42",402.2857143,394.079280489142,404.061460853359,405.861950039903,432.323704144185
"43",413.7142857,413.230668330222,424.836109023679,415.749241028421,439.729456691468
"44",467.4285714,419.901859001151,433.95001642293,436.797368549874,510.997453922032
"45",476.4285714,469.374841281264,494.630062220323,487.883693975634,499.786834292369
"46",519.7142857,482.470037682362,499.845888473462,476.28096419378,563.334011690194
"47",535,528.803864090224,547.264302396437,538.022295339738,561.465710855177
"48",500.7142857,548.776091334686,559.999923132118,536.692689165608,510.270894290823
"49",514.4285714,511.225343991516,513.375434270372,511.315599929418,539.954905581548
"50",526.7142857,510.28909738981,527.302518059827,527.462864411479,551.368640606377
"51",564,514.682320549266,539.465933051568,518.247549670044,596.562964940906
"52",607.5714286,555.889838121873,581.857172125211,568.461486054847,649.425968658224
"53",617.8571429,615.913030082651,630.782421102774,599.87121874705,641.870432835593
"54",661.7142857,643.357464073751,638.381118773111,625.299561214686,705.597416027095
"55",700.7142857,690.043306924334,687.092552809639,687.086629490066,741.699805670193
"56",712,722.449263395451,728.92976622646,709.99794666061,736.033373807831
"57",717.1428571,720.91083946637,736.693824386122,723.050641575766,739.250716136741
"58",680.5714286,710.89171670422,737.766269792017,719.506783633646,688.334161156706
"59",660.2857143,663.980539605604,689.290383647948,678.58230466955,665.388199097653
"60",859.7142857,638.047235643907,662.962602771159,668.553441780737,937.229923581613
"61",882.4285714,850.780788311041,903.332476410189,867.722236524456,910.092944236585
"62",903.7142857,924.753514672255,921.717731157817,889.482200996885,933.839548331392
"63",990.4285714,970.255202430584,939.254649661948,954.916546633656,1059.5714569804
"64",1094.142857,1043.77826540743,1036.61639785517,1032.89859031685,1169.50290144259
"65",1189,1120.19502374035,1152.30754485225,1144.38012836614,1264.03230865401
"66",1364.428571,1194.66291993703,1254.80663345683,1327.76463141599,1465.62222360938
"67",1185.428571,1370.44057913069,1453.05168404933,1249.92748244262,1183.39122954626
"68",1186.714286,1209.82895825926,1218.37054780583,1172.53493638485,1206.49555518309
"69",1181.714286,1183.02757146591,1213.03981392213,1163.59934531441,1196.21949314387
"70",1087.428571,1154.97307617179,1201.51751257965,1098.32243695313,1056.58737379987
"71",1051.285714,1052.22793170413,1083.48630151999,1027.20070195877,1047.11102506519
"72",971.7142857,1013.74571879564,1040.63019584502,984.118313502465,943.499180431677
"73",927.8571429,946.706079993142,946.713774843341,902.989502747573,919.245017613753
"74",948.7142857,915.181275316817,898.925134371737,968.568383689707,961.195817897319
"75",955.8571429,948.785392683475,930.141474647743,932.291496540712,977.500008426608
"76",933.4285714,971.107437764065,942.641156095277,945.399530122861,937.266708766979
"77",950.5714286,953.0934452618,918.298186985086,961.862082444494,978.168512551077
"78",934.8571429,958.812999149534,942.156181062822,968.136097423773,942.66679012326
"79",970.5714286,929.782994694952,924.926414254833,961.827809729045,1003.73361424588
"80",893.7142857,955.459061214545,970.138734545534,991.264687127673,883.665810331102
"81",847.7142857,881.9393536268,877.382410644772,879.983258684994,837.879908133418
"82",827.4285714,831.978470863062,825.200214151463,843.719047209209,832.604865460846
"83",829.2857143,809.692715954348,805.375041774303,825.853795582353,840.8495036987
"84",786,817.662102491592,812.208282077611,814.752044838398,777.714605680607
"85",781.7142857,785.857947489809,763.471138209389,780.751776742687,796.3456757238
"86",783.8571429,784.76900601113,762.979046651301,777.656604866732,802.266958962244
"87",765.8571429,787.255646203762,769.468634646004,805.840945366374,772.311565460022
"88",758.5714286,767.078988606153,750.71931645472,779.044055277971,771.405110020029
"89",717,753.817247481376,745.067254692481,767.882342884556,716.458145991271
"90",686,707.033482949513,697.655817429029,716.693621501012,684.813033235416
"91",773.8571429,669.577661812624,664.227206904948,698.903900284296,815.565472713151
"92",787.2857143,760.262078342708,774.89730572762,782.0295698961,812.861608034477
"93",804.5714286,799.762422525565,790.915693658881,786.541930334158,832.255593067655
"94",835.4285714,835.629223968378,811.04452280804,833.029929023537,871.414033757674
"95",921,867.741642292136,846.977499758474,864.404095466977,973.990531656598
"96",978.8571429,942.459928719469,947.955773789141,963.190880013555,1031.42784520954
"97",998.1428571,993.268736963035,1012.2514959859,1029.83206823581,1030.50768053588
"98",914.8571429,1007.344386814,1028.60449047512,980.70716500852,913.84522954651
"99",939.4285714,913.489735682416,921.646214116411,915.297207790963,971.562814718556
"100",930,916.643702323889,949.905980349299,921.126750768389,941.608102551138
"101",869.1428571,905.883505233051,936.336843227641,898.331951149238,850.979302934651
"102",853,855.119514661929,861.494362733933,823.627516770206,860.555297582476
"103",856.2857143,846.323629211116,843.576601472807,830.391607356475,871.53407632672
"104",854.5714286,857.936767348111,849.506195794799,849.042943980813,870.751268215675
"105",861,863.183708950662,848.84735885924,882.261018074122,881.104765190287
"106",811.8571429,870.44455267597,857.80546247684,859.435901570737,813.973021828606
"107",854.7142857,815.253401255031,799.10197319819,817.10286254105,886.688112894735
"108",936.8571429,844.091769110244,853.527217682254,884.067153703539,992.478003736023
"109",909.7142857,930.474212632634,953.017164921101,957.003412925152,910.811320450741
"110",1003.142857,923.624881443383,916.871834819382,924.022696346715,1074.04116573144
"111",1023.714286,1025.79327966757,1028.24892985209,1033.53166009863,1053.4944305257
"112",1041.857143,1056.12642241625,1047.88594807385,1041.15369231508,1070.1012842246
"113",1128.428571,1066.74426473454,1064.77371220008,1087.23461606013,1198.4784433644
"114",1092.571429,1137.15607142441,1164.59119537764,1124.40967374194,1104.34806868898
"115",1105.428571,1094.01428796944,1113.75342812029,1048.44707151034,1130.47611325218
"116",1130.428571,1093.98591719195,1124.87042256736,1135.88968229214,1162.82508465467
"117",1048.714286,1117.628231984,1151.02619093325,1069.49592686544,1031.24529312282
"118",1037,1043.69598054232,1048.02119243061,1014.8945879313,1047.19938958582
"119",1060.714286,1028.30945553975,1034.00239556912,1011.6351042909,1092.32414251171
"120",1050.857143,1053.17655500066,1063.27429617874,1009.37457078445,1062.15987966195
"121",1046.285714,1052.62534671593,1050.83598542663,1055.16990402148,1060.759705393
"122",1046.142857,1053.55725647094,1045.31630347406,1038.27180873194,1063.26769428419
"123",1019.857143,1053.05016517041,1045.34496561773,1036.03233042667,1026.20744370197
"124",997.4285714,1021.03976401328,1013.7552739752,1041.32693099422,1001.26670870805
"125",1030.571429,987.50532429874,987.926348200524,988.415169104419,1057.53317321174
"126",980.7142857,1014.46305279292,1029.94197954024,1012.76657111915,975.318698495736
"127",917.4285714,972.679371841016,969.845031873208,971.717497765806,901.428623415752
"128",1021.285714,911.120418740085,895.646065860748,908.907044689113,1080.71071253742
"129",1088.428571,1014.14513455426,1025.64344322191,1023.23054515952,1146.68392653872
"130",1177.571429,1104.69013337909,1105.86549174986,1113.96685745664,1249.12195591528
"131",1287.714286,1219.21740021872,1209.93723458514,1243.6997787857,1370.00835558508
"132",1288.142857,1344.96134146549,1336.27334457104,1299.06363490897,1325.75901905565
"133",1319.571429,1341.51140151044,1326.69421194713,1321.02942720963,1355.90743671837
"134",1450.571429,1337.07977438135,1356.63535392329,1422.31629470962,1540.87469514738
"135",1447.571429,1434.8554601509,1507.18287275527,1423.89085311852,1463.96902150768
"136",1423.285714,1433.11826103222,1491.78769341839,1454.48648185038,1432.24084624761
"137",1427.714286,1417.65181156974,1453.24018411211,1401.96295499871,1447.59345307507
"138",1357.714286,1429.78896169088,1452.34941536749,1331.70688873687,1347.0524601291
"139",1324.142857,1363.46706587363,1362.65291848442,1328.96149243614,1321.45928082404
"140",1307.857143,1316.80053274501,1321.05731434073,1317.39274366123,1315.32768242068
"141",1255,1287.1605819983,1302.02048611242,1197.26590008897,1241.28813736771
"142",1146,1230.55499152205,1239.37687039212,1208.8373802798,1115.83315137261
"143",1123.857143,1120.67483285466,1110.93991314809,1108.27449061147,1127.86368315107
"144",1052.428571,1094.9444567888,1091.47513715034,1075.26191147302,1028.51917600663
"145",1058.714286,1032.09571209629,1011.92228356797,1038.2989551977,1071.01846892812
"146",997.1428571,1047.46998766102,1027.94131688157,1041.2593173372,978.585948977303
"147",1021.285714,999.851303497321,959.965688700254,979.02296260379,1047.55745409461
"148",1007.714286,1025.72629614304,996.866059319032,1018.26437976942,1016.79734103938
"149",1063.857143,1014.3605559877,985.558748903029,1044.24685902026,1105.50315442616
"150",1076.714286,1068.2536696212,1057.99682080495,1069.64394689926,1101.70246909878
"151",1094.285714,1086.02214183057,1074.75750741772,1119.01686215346,1122.14406096621
"152",1082.428571,1104.95829016663,1096.39480239896,1093.50426960982,1099.71773302817
"153",1114.571429,1090.03363077625,1081.63335453512,1111.48279943498,1146.78644403851
"154",1115.142857,1113.90697195553,1120.62919233992,1093.77621531426,1132.72438797162
"155",1120.285714,1112.72082327036,1120.0624376195,1121.05918362806,1140.59663909748
"156",1073.857143,1118.0943658179,1125.25117014777,1084.29693023434,1077.43358266306
"157",1003.142857,1072.30227278483,1068.12742432612,1052.66023358341,985.89086899346
"158",893.4285714,992.78152871513,983.884206234501,969.308743000775,858.438618540507
"159",883.1428571,865.776570646155,855.338950600178,867.25016901306,883.474974980835
"160",882,838.875126453348,850.829577652569,845.913524858237,895.701517885638
"161",881.4285714,848.88104190702,856.176330728821,858.7370998684,898.113898676749
"162",837.2857143,879.056111305503,860.863288238113,868.899043455948,838.279579591758
"163",826.8571429,862.403554054181,811.816601102249,843.291071399912,837.812728397389
"164",816.4285714,853.343724700967,804.515466156514,848.479772096968,827.384156837718
"165",874.8571429,825.340500474073,796.567649411659,850.439991880036,906.343790759212
"166",850.5714286,862.812267620447,871.289697849449,885.404123067486,857.348407370788
"167",883.1428571,835.825674786518,842.700871808404,855.35345561232,920.180136466162
"168",1047,872.523762110191,883.686134261145,904.576473230994,1130.9872053989
"169",1092.285714,1058.49907160036,1081.53355564644,1104.98920308251,1136.51604013203
"170",1150.285714,1145.19286186717,1129.07433999127,1134.129841387,1202.52559692603
"171",1154.857143,1216.96186196977,1191.48962270339,1207.47587547345,1186.99175641703
"172",1115.714286,1201.6531523363,1188.44003631841,1133.21321229526,1122.56842615493
"173",1008.285714,1114.27346743917,1134.15887575715,1113.97525435192,982.437771707127
"174",983,953.554652024765,1000.52804557124,969.82705410226,985.15719304424
"175",757.5714286,895.969716710025,971.581203376448,860.83368743217,689.764855493172
"176",693.5714286,683.317745909636,701.61489332314,700.068430678809,673.682471478738
"177",631.4285714,638.180828346093,635.918067400483,663.586422883757,612.557490888172
"178",630.4285714,615.092413349924,572.840074066791,600.608225273793,629.062535662005
"179",636,649.456454495802,583.823872595514,625.727750486591,654.516561745757
"180",645.7142857,675.057885427233,600.259436302971,644.895129815368,667.495357171893
"181",633.2857143,679.552113819349,619.438565061303,646.186838261008,646.377233885727
"182",754.1428571,642.188120332018,609.896490503147,708.044696822769,811.552735792996
"183",712.7142857,737.528617474695,760.773073631396,787.308100110001,713.86035369195
"184",672.2857143,701.744034038122,709.358852143406,722.168358948736,665.638830493072
"185",656,664.965113923366,661.210130274573,693.089473742604,663.612924194016
"186",661.2857143,649.32449560772,643.836199301582,660.779457434926,675.041715370667
"187",692.1428571,656.931889515137,652.752633123661,668.490880613561,720.114591337596
"188",703.4285714,694.695347205691,691.808831978964,696.094844870216,727.461945207831
"189",659.8571429,716.119969504744,705.516863945011,669.422342072325,665.655557004298
"190",656.7142857,673.881002612532,652.444804007403,670.886174972229,672.063053937379
"191",625.4285714,655.826584138293,650.185534738811,673.393999834391,624.075051759947
"192",576.1428571,609.891281610311,613.74830551316,624.324667160001,565.999039818124
"193",556.8571429,550.109082179963,556.634166336682,569.66944846556,562.550688441729
"194",499.8571429,528.904266169041,537.390818629924,541.145041454298,485.870290836107
"195",474.1428571,482.415372705065,472.580010341939,489.116818266642,476.048401747342
"196",548.1428571,466.843375267523,447.186928376697,487.307740710651,581.716031511828
"197",572.2857143,553.257488981391,542.19622468676,549.717545229518,604.157738279555
"198",595.5714286,598.485876661999,572.611597629273,573.358916797581,626.933469641493
"199",638.4285714,629.185765219327,600.678527049317,620.028925687141,681.784845862985
"200",629.8571429,663.040344646942,651.393992579671,663.128749213452,651.243617687964
"201",628.7142857,637.520907682968,638.344753917631,654.937434349906,645.248058732069
"202",622.5714286,614.772710828121,635.195466139162,649.062779052758,636.089388520842
"203",556,597.458977270508,626.424488411002,606.136501903064,551.069127296326
"204",566.8571429,533.031078687136,545.196229709313,548.941632264489,586.8761968484
"205",552,549.793934073797,560.553494399554,564.763736987565,560.31868044526
"206",525.2857143,552.239468060175,543.918676776286,528.758276935974,526.604593454601
"207",521.2857143,537.543582048748,513.325916842448,524.422364155099,536.11570767299
"208",532.4285714,532.141212406266,510.980366980673,519.842438252315,551.642798033485
"209",538.2857143,534.948063221866,526.587492026952,540.24059634268,559.028630584036
"210",440.2857143,533.736924115227,534.881359704998,554.643832597159,427.879137201697
"211",414.5714286,429.38066029357,417.19707396403,430.455179473801,416.476973306044
"212",447.1428571,387.706056806784,390.926235383117,443.55253061673,475.81062913138
"213",443.7142857,419.821305542089,435.196172386889,459.864931603491,458.991057595821
"214",417.8571429,438.418087168884,433.54626972993,436.785119699949,419.719900175388
"215",412.1428571,434.248353407737,404.42510264383,409.50068560839,425.917601091746
"216",415.4285714,433.342377636759,400.315213251903,424.044304433502,432.522894928736
"217",499.2857143,426.801046019292,406.746875476483,460.042705440366,543.070921464152
"218",482.4285714,498.391619919259,509.863155697503,517.71535034874,492.807632313389
"219",415.8571429,484.124644524608,487.306751671224,465.906595237508,408.413089555947
"220",425.1428571,413.479993654082,405.863574201089,435.816002588075,448.011025247123
"221",471,410.009891183084,419.153678209543,459.901811997796,504.792137042029
"222",478.2857143,457.174066427712,475.802212125108,486.556475620387,499.904407617784
"223",478,482.168701187444,483.610311676331,472.73604500421,497.239924874576
"224",508.5714286,496.631299373456,482.157346911206,462.8895555709,544.381642407936
"225",534.7142857,529.929346139098,518.22499616368,534.527521071322,567.810428276168
"226",566.1428571,551.106577200734,547.802141501943,562.897169126394,602.211669860019
"227",558,573.222534905883,583.0492215574,574.321558376149,580.370666953228
"228",524.7142857,557.042756820682,569.695539975977,552.737661182567,529.505772537822
"229",514.2857143,514.468213696696,527.046449637768,535.181896899058,525.241299797389
"230",509,496.230783170123,513.957517099816,524.904067780988,522.152021190243
"231",400.2857143,493.34895465175,507.638764347367,503.637734981035,375.794835085489
"232",354.4285714,391.595981627434,376.583564451246,383.646944505873,344.675528012804
"233",354.5714286,337.883230885653,326.104403785941,364.587179596496,370.179249621479
"234",410.1428571,333.82887181533,332.168927787381,359.924565469076,444.059356519972
"235",432.7142857,400.85610418019,403.969940065982,415.775564048547,463.625288732137
"236",479.4285714,449.637735815492,432.531491128031,413.73880576253,525.155895745962
"237",500.1428571,514.896240513894,489.00823656519,499.777769481912,530.471703038358
"238",582.4285714,538.492008355167,512.044691277579,547.828186350831,639.275690393474
"239",635.8571429,605.797110673707,608.978625187455,621.974021743934,685.709947248425
"240",665.4285714,646.531725053176,668.008222191637,652.134181313587,700.625545843355
"241",633.8571429,667.815985291328,697.045704539531,674.722002576422,650.119754396348
"242",661.5714286,630.880341923555,652.324334466614,641.71382378981,695.678022589118
"243",646.7142857,651.510335088108,681.956178112465,669.195883295738,655.108234877039
"244",668,640.565747580932,659.766119930626,643.997860561806,698.125262631392
"245",665.2857143,667.649240474075,682.761539229421,652.024216329131,680.903555067031
"246",660.4285714,673.78791773389,676.411383331607,645.285338637744,674.717174714785
"247",677.7142857,670.941596880784,668.226310333191,657.235516255029,705.398450167655
"248",657.4285714,683.290189769598,687.484776002016,686.80011047312,667.029786903864
"249",672.1428571,657.078847143176,660.945324166826,647.969149497931,698.260710569467
"250",695.7142857,663.895018673351,677.986613359507,679.381667305575,725.265851714851
"251",706,688.853686577338,705.248407250989,689.676819969911,729.464778091889
"252",721.2857143,708.987006770423,715.692431813448,709.717537975123,747.751425155177
"253",767.1428571,733.573966953829,732.142199922511,729.500528274298,805.423756116051
"254",716.4285714,784.380168655628,785.283648967743,778.038723763619,721.69328547115
"255",713.7142857,732.840785443956,720.244241186797,727.473245379882,729.346461337401
"256",876.2857143,710.602492881504,716.16367011359,726.335162308587,956.2026840788
"257",873,863.333384791037,912.056112343901,892.276429448205,888.231674039309
"258",892.5714286,885.882819570386,900.659926155487,888.746573576693,921.360266881317
"259",1045.714286,920.909517444123,918.543931364455,929.542084026358,1154.50932425143
"260",1074.428571,1079.3064540287,1098.15032332896,1067.50924242378,1108.8676690038
"261",1199.857143,1117.8544598252,1121.94171112844,1131.5680217508,1293.00837725071
"262",1260.571429,1234.37209316121,1263.58209319284,1314.91926228537,1314.67576936872
"263",1179.714286,1288.22016930763,1323.67821497542,1172.07581645963,1182.25525888656
"264",1224.857143,1190.56517317845,1212.86157031838,1179.02018010471,1270.43058405399
"265",1250.714286,1202.15225704153,1260.48528123565,1239.41754539671,1284.21003032156
"266",1162.571429,1220.39748237577,1284.31034800865,1136.74895380132,1131.52221513506
"267",1131.857143,1145.31557283354,1170.83233248025,1160.52735749521,1130.8367934768
"268",1154.285714,1121.62433756274,1131.99416882252,1040.70975878463,1185.17904835407
"269",1275.857143,1152.67789412022,1159.05747214348,1101.85429953118,1337.43014792208
"270",1253.714286,1291.45121407763,1304.93753591145,1373.91026308275,1257.7265677586
"271",1181.285714,1294.13580274882,1272.1475527675,1246.78467037442,1170.56358910553
"272",1126.428571,1212.23335634161,1180.80495559212,1147.91430925672,1111.59613375173
"273",1054.714286,1115.2856559569,1114.62222910805,1134.40988041544,1030.65196348902
"274",1188.714286,1000.75639310297,1030.43514753385,1019.24453943292,1230.05159479732
"275",1197,1123.47302847052,1197.36692094295,1211.92798128934,1220.01910439644
"276",1171.285714,1185.00649875032,1205.59326260935,1139.00257455208,1173.19125852994
"277",1226,1215.358619778,1172.73946846028,1167.49559729313,1276.26713442022
"278",1248.857143,1290.87760397933,1238.53369502047,1264.46411283963,1279.94282333006
"279",1298.428571,1301.51788941255,1263.54488326859,1260.52672299583,1345.911900836
"280",1471.571429,1312.52193390143,1320.37678352585,1424.76579292577,1556.91863094447
"281",1449.285714,1456.75657834507,1524.98728983414,1417.36917625396,1466.34345324982
"282",1422.285714,1445.24101956787,1486.96415147318,1461.93030987881,1424.79614951337
"283",1328.571429,1425.82302423774,1446.49631721193,1467.83413311258,1310.25956479677
"284",1134.428571,1328.67146837003,1328.23468902616,1251.1825674627,1076.29630931448
"285",1160.857143,1108.4518362636,1093.74773993552,1042.73843210445,1177.55118374277
"286",1122.714286,1096.82341514942,1134.12111457727,1117.9746948231,1117.38382368203
"287",1098.714286,1067.49959415222,1093.6116753568,1000.61038197257,1101.63750594198
"288",1184,1079.08514219747,1070.67231468635,1074.00256197064,1235.52021248106
"289",1244.714286,1208.27886323127,1179.54229187756,1187.02749030425,1299.03644628585
"290",1204.428571,1309.74150202012,1253.83115984254,1257.75770695107,1202.50648203465
"291",1196.571429,1273.71584580214,1203.27166180064,1341.90508698186,1209.32397485001
"292",1141.142857,1219.11548750562,1194.01488679187,1169.2978572492,1130.09842802184
"293",1121.571429,1103.77893706164,1127.58282174543,1123.41088202458,1127.09603438543
"294",1080.571429,1043.73756555393,1106.75473741639,1120.37343110503,1073.59620768508
"295",950.8571429,1010.41003289343,1060.30529403515,1008.9691876745,914.335815941494
"296",897.8571429,920.103595245799,907.811821355211,897.07582787181,884.133425257421
"297",958.2857143,898.766149135813,852.728488385761,887.651449265848,981.013435465722
"298",1080.857143,980.885202917014,935.122659224986,943.967039286121,1154.13989667146
"299",1213.857143,1123.4903600782,1088.03304962196,1126.10969441641,1308.3411819494
"300",1273,1273.00575521062,1247.2329310129,1270.79579807052,1326.76062732133
"301",1271.714286,1333.92492543516,1311.75146802377,1305.99956070929,1306.29109924007
"302",1300.142857,1305.50259744131,1302.13670220969,1355.09998214963,1334.63924874381
