"","OBS","ARIMA","ETS","NNAR","FTS_GA"
"1",2,1.99800000153227,3.63,NA,NA
"2",0,1.6157025253227,3.3913711740181,NA,NA
"3",5,1.1591419151677,2.89488103799061,NA,NA
"4",1,4.10924151809564,3.20306635483511,NA,NA
"5",0,0.867338291909902,2.88054173040902,NA,27.4548292041906
"6",10,1.40240529521859,2.45883603021308,NA,49.9235104997639
"7",1,6.60889613784952,3.56284775085558,NA,18.3382524790531
"8",9,0.562770619150244,3.18765183063655,NA,50.5688916915356
"9",3,5.52177491964119,4.03856828453425,NA,21.8763411968499
"10",2,1.81294273617159,3.88652391003091,NA,29.4548292041906
"11",4,2.41245251173767,3.61034048313676,NA,36.3602482254597
"12",5,4.15458640698252,3.6673858776409,NA,35.7464004885549
"13",0,4.58871361035857,3.86247799022094,NA,23.4882058950827
"14",4,2.04291467524478,3.29701873366427,NA,37.6069795046022
"15",2,4.75522227470541,3.39993382217529,NA,27.7780602846074
"16",9,3.26491398924033,3.19498623663048,NA,46.2966087669573
"17",11,6.54744387299506,4.0448289477726,34.923822213826,43.3602482254597
"18",5,6.08827206624269,5.06305244635931,40.071256879778,26.7900247157095
"19",4,2.5611248203227,5.05382169099121,33.9761435704171,31.4548292041906
"20",10,3.39206675114142,4.89954424748477,38.8989701606907,44.8257527073115
"21",8,7.25206700685311,5.64624103778867,33.7169008867796,33.7780602846074
"22",11,5.80361864585265,5.99082676649841,26.1687039746349,44.9521962946009
"23",30,7.63615831122384,6.72415997376863,43.7198367451274,75.5171396859032
"24",40,16.4172831464147,10.1316976297209,50.2869571758761,84.448495061629
"25",25,18.019750186804,14.504358935667,66.5367309384677,41.6337182957889
"26",22,9.34712878526068,16.0409003498445,63.322846655691,46.0813002845484
"27",129,12.3618980522046,16.9133009347683,55.1055912751681,204.995074015189
"28",49,66.6748721168713,33.3225754170524,88.0006412898265,-4.72605771870123
"29",154,13.2709560014587,35.6177198481251,70.062486415174,240.055552466067
"30",129,76.2602733065575,52.9486551424212,128.781795875397,111.895376101818
"31",132,56.318408304725,64.0824239385616,116.802785955205,165.952196294601
"32",144,67.2061524814355,74.0254248214314,131.340001898172,191.228702343469
"33",194,84.9453631259858,84.2695663695567,119.423363705602,256.343818353707
"34",130,119.140909304508,100.333888180426,186.33168726736,103.792701972738
"35",200,92.0630965257485,104.676949183465,193.664851734117,281.877613722757
"36",199,146.029802609279,118.63205820516,184.918192634597,226.454829204191
"37",323,147.214645064467,130.397768387421,265.951604293282,409.458249248523
"38",187,212.180672080106,158.594360050736,220.481706816812,111.075827743347
"39",266,135.647449214477,162.752890426416,238.928488219458,349.952400724723
"40",231,203.459141245172,177.868066220016,294.819094107814,193.943404236745
"41",218,193.165120010478,185.646477864229,252.318449850703,224.135890200866
"42",390,203.296349865945,190.382970504498,325.768775226993,492.651669966368
"43",306,297.738547955503,219.606514918305,308.119059859701,231.473326405782
"44",395,235.93342433647,232.25435290452,430.293769770506,482.39937085463
"45",508,292.543927703578,256.079998732777,435.289882745286,595.445823208204
"46",391,344.297732744073,292.960596366984,354.015839980736,263.743594886912
"47",460,280.620205111346,307.313374151593,489.083345507791,544.430503436508
"48",366,348.225952494314,329.666398856712,352.519224545787,237.817719424308
"49",470,320.974764593748,334.985567313471,407.367306257392,554.973504258382
"50",682,406.814001741452,354.751417351875,666.518929811987,818.560062589718
"51",458,509.559794480085,402.659972616638,512.709788843659,314.290107499633
"52",811,375.937103276,410.761644864674,773.032782676614,1102.31978814016
"53",498,586.998062984068,469.355760692202,523.921719486775,240.477252282372
"54",220,408.43233901292,473.549221549358,297.643363268779,-67.0042839515552
"55",462,345.214402119518,436.430109238347,463.665686590016,756.213377953295
"56",556,549.118042913263,440.173491454874,541.36883561608,651.574913492859
"57",943,577.581115149727,457.130266762669,916.130823052983,1252.55076447335
"58",763,724.29066386454,528.260649598598,777.074687797299,727.903055570561
"59",883,552.660511741117,562.626033401077,857.720420619027,972.748896851947
"60",805,625.152913365865,609.528158262836,806.774701612319,693.879899677996
"61",493,598.812907346443,638.144855260541,452.493550042761,271.300358417662
"62",541,501.185957473679,616.895931083771,536.389538642849,620.315960023271
"63",592,625.295696801974,605.784914561486,579.924819999127,671.638462191925
"64",687,686.790849641293,603.766829912365,692.796885654871,770.695823333374
"65",621,729.898036193318,615.952003937373,648.351122059943,626.751695965936
"66",2279,670.695364803787,616.69102073123,2119.48065773028,2891.89156444333
"67",964,1438.35588012501,860.049818364409,971.885659582896,495.012855835993
"68",642,518.679842668168,875.26792253883,627.814087708172,434.495385165727
"69",1148,557.814886517161,841.117952910193,1156.59557164027,1476.15803966237
"70",1318,990.382625791073,886.044887027962,1307.82110713071,1517.935319272
"71",1351,1079.76635866629,949.282274442317,1345.95513739159,1404.14081275481
"72",1849,1087.27744885398,1008.09296721897,1829.11464620841,2377.95193292527
"73",1026,1337.25044204603,1131.20011936159,1036.09495534399,727.645826203429
"74",973,901.943621217851,1115.79902673802,985.680783324908,968.426962196473
"75",607,1059.26917113863,1094.89352728903,627.292471352147,281.996884088589
"76",488,996.601480197209,1023.46686494477,490.624211857404,366.776743019236
"77",1065,1047.10696121625,945.075558604903,1065.21807607856,1302.97751733432
"78",794,1342.68520928236,962.632263302233,804.017394490074,520.730581654416
"79",1542,1061.29049263511,937.944828324023,1539.69592009945,2167.66576163731
"80",1172,1355.49779348832,1026.37732921073,1187.09539374752,843.280215426388
"81",1023,992.731088155714,1047.69620465048,1019.8259773467,862.695551806338
"82",450,922.496483299055,1044.08072837934,450.451546443424,24.4356579532447
"83",608,701.841755328061,957.108466568524,614.911695337855,626.465380276039
"84",955,911.517316475437,905.999666864482,974.06760965187,1211.71368982143
"85",1044,1079.61441832187,913.173220219605,1062.36343491578,1138.08241373389
"86",1004,1027.23793153986,932.32600602696,1038.98343454402,1049.93909526
"87",850,934.813454403656,942.818939177402,875.376425199657,738.860925277251
"88",881,837.762870155722,929.230427223544,880.324597035629,949.39387133808
"89",463,876.034401516244,922.169586594734,461.998139281699,201.687156732197
"90",305,687.813819807999,854.948053235411,323.669846395351,160.515554306348
"91",925,692.789432621466,774.436729128295,918.508646819787,1215.89638215274
"92",1059,1021.49363657196,796.478898799528,1081.309838849,1167.63415152095
"93",878,946.982866471642,834.911476820967,920.508058609464,731.762221970848
"94",799,763.842012134033,841.219552710234,804.721355124144,686.61304469666
"95",590,726.35912679453,835.038692405496,627.131893979868,431.336112577652
"96",246,655.680217763101,799.165504989014,245.621796803426,-18.0144730367318
"97",920,553.340102902621,718.183152210355,865.259875665092,1182.36300829202
"98",1019,949.194163485231,747.728745738828,1029.15463951278,1076.0887415789
"99",1180,877.295089077322,787.442329129615,1159.71022448012,1289.60926094078
"100",1094,876.520817545878,844.912007736971,1104.04377505307,1116.84384733496
"101",1398,788.373826275506,881.378004767594,1338.80700914261,1635.45999685078
"102",995,957.931889712944,957.010458877249,986.23091385974,785.402143001752
"103",381,762.931564277498,962.572053722472,413.573088481902,-89.3866730225511
"104",337,595.483127033104,877.431037523897,346.134969042697,313.058819420337
"105",1191,766.790612545584,798.312985984934,1198.4773545555,1526.53898573311
"106",1114,1237.97976824351,855.801600176808,1125.82256246182,1028.82643894719
"107",668,1033.68528447891,893.601343133994,694.087561072646,443.877005005578
"108",1285,755.792143898917,860.573745801476,1260.80176288854,1936.78516097607
"109",1018,1100.53104226543,922.708922951961,1023.88796821765,752.716222587085
"110",369,881.618952614757,936.659351076209,369.52638195432,-152.555798517553
"111",382,603.777656945463,853.555127453531,401.114040903037,346.023788942953
"112",847,753.401511435385,784.520375030229,852.925328726358,1071.70100234185
"113",1414,1008.06429629398,793.667270462331,1378.40193262852,1936.79718028938
"114",1243,1164.53685291345,884.482774123511,1241.35810191802,1159.71357376802
"115",1095,914.473976332027,936.968997869029,1095.81492749465,950.615275965083
"116",1672,825.386110274129,960.104428855077,1644.282670428,2216.39550679261
"117",513,1149.34093067677,1064.32455423178,513.332839739119,27.6822210376996
"118",509,560.936877697495,983.611713059189,502.905471887169,463.872987607025
"119",1453,804.365585520196,914.129482455156,1467.43593572847,2157.88728879304
"120",1163,1354.16238319478,993.019076907909,1183.09237086331,991.346436572377
"121",1333,1066.59921497869,1017.90395305318,1334.88338056842,1435.86723447145
"122",1270,1138.52262386325,1064.0334007553,1280.45328160895,1227.0333704212
"123",1100,1086.15058743145,1094.18650981619,1106.53032050694,946.898849982529
"124",431,1029.56318258287,1095.03759345878,423.196931039188,81.9355616555466
"125",675,779.275764016571,997.823782823858,643.334278143129,763.039228633047
"126",1384,1049.93532965991,950.563009637175,1379.43967324696,1816.34368906112
"127",1131,1370.28360706523,1014.01734101595,1141.48949515082,904.535868198265
"128",1332,1077.46619612005,1031.14337449669,1349.12754263786,1558.01493013019
"129",1086,1137.07826919554,1075.1881986272,1149.27766159044,856.694899121497
"130",943,976.415075826298,1076.7710252949,979.20272612646,807.218307660912
"131",663,954.676786840821,1057.1872076774,628.543516539774,408.986138430156
"132",326,882.998455057034,999.478968054614,369.252277098208,2.85119704518729
"133",941,801.989479667899,900.882958563586,981.283264217803,1151.07004928835
"134",1858,1159.87811059667,906.756015311953,1706.84187830022,2580.6612721839
"135",1802,1456.33946155892,1046.01628236009,1748.99119954922,1717.40508400289
"136",1710,1179.75284571913,1156.690826533,1692.10959772041,1612.09162145252
"137",1714,1076.25473604661,1237.69421209708,1698.10311024936,1701.78056054935
"138",666,1137.30373886758,1307.42445195944,651.681009714401,240.612403427605
"139",546,747.014551054106,1213.52116120658,530.33010482612,412.808067850298
"140",1858,990.482170751342,1115.79736303676,1811.9937703656,2351.41873364305
"141",1837,1754.24804906519,1224.45438383382,1772.49699484883,1760.39211292191
"142",1632,1528.87873698622,1314.12986926088,1614.44327326592,1486.65686213803
"143",1741,1348.65921166142,1360.66543742836,1717.21967427323,1813.85382489541
"144",1224,1432.10469436549,1416.34567678223,1220.88507393708,890.382156166796
"145",431,1218.60589988601,1388.1866442465,418.000189587742,-153.218672515683
"146",432,989.244794728198,1248.05638341086,401.114842821489,492.23796259224
"147",1488,1197.91260254928,1128.5873179456,1490.56823033079,1914.12913840953
"148",1074,1723.79728042137,1181.20463473189,1135.59073952384,665.399095164199
"149",1477,1269.34685623884,1165.5100849614,1499.7272619806,1814.5593022999
"150",1241,1383.5645421834,1211.1116019742,1233.68116875875,968.620931734939
"151",1268,1144.59730136136,1215.48720524498,1203.44759243919,1256.66658305542
"152",0,1150.33712684318,1223.17497614156,73.9627896211415,-543.550167254799
"153",601,561.422637819075,1044.10454146236,545.551625562657,885.457501230273
"154",1393,1084.09562208877,979.234899427748,1385.20986901443,2060.50934295
"155",1467,1394.55798559868,1039.80930444728,1435.85725407224,1661.44005758582
"156",1567,1204.59851945411,1102.34919042896,1543.83188792975,1652.08920898649
"157",1364,1133.57383575572,1170.3731641587,1290.31706746707,1304.58536426887
"158",1185,996.087980510395,1198.71975588594,1198.86893084065,1032.21795398963
"159",225,978.416442130449,1196.71121034004,284.518578244895,-237.159008011378
"160",605,634.88169045236,1054.45458131127,625.190572319647,701.028457307459
"161",1429,1056.47231837663,988.655305807896,1430.01158200281,1962.89358046066
"162",1142,1439.70953094259,1053.12091157625,1178.7097915453,908.280005642714
"163",1072,1105.96738963532,1066.13263705165,1075.0399422291,974.437544729228
"164",596,1030.7698208377,1066.99160756207,650.251943507908,235.644316047171
"165",1113,805.496869993651,998.039353353559,1067.12835753433,1317.44108203277
"166",217,1135.43049832026,1014.86936816544,246.302961126854,-368.618590744357
"167",601,641.809717462397,898.062846317436,607.205414991794,1020.53423525567
"168",1120,944.161959144352,854.5734240723,1136.31540668511,1659.88530438931
"169",1069,1126.38179800813,893.431357936118,1080.57831062458,1094.74509618317
"170",999,942.578640567094,919.134265258168,1032.40596759682,917.843151506338
"171",1005,844.025264719598,930.826453305791,988.265343498384,1005.60855914122
"172",943,843.17111041074,941.685316107357,920.318011426213,855.518867158626
"173",445,829.092898331661,941.877783269221,437.913253214332,202.164471832555
"174",1748,633.079099037678,869.135843344053,1697.8895817465,2239.85070051736
"175",1437,1360.45918462731,997.799844509933,1442.6362513887,1141.96259805499
"176",1475,1015.57227243971,1062.09789204101,1455.46035849296,1398.37539378407
"177",1031,1040.43185517272,1122.54595662243,1058.4309550665,665.422974193612
"178",731,877.635544561278,1109.1438068358,773.470146594887,401.435543948388
"179",191,887.319215808484,1053.78428985571,222.854824587418,-274.424563880237
"180",268,776.041674619752,927.474349877857,298.479266947649,168.472178588643
"181",170,956.407694708498,830.928589217408,185.909854882717,91.1790735185403
"182",989,897.353689291607,734.169930749417,1008.13308843767,1370.87293970279
"183",1040,1212.69300683967,771.476556669756,1054.33171040311,1120.53603392826
"184",1024,975.774767079417,810.787865890931,1008.63664023555,1024.46077839481
"185",770,812.632697889158,842.001707147092,794.534232873019,641.478774339965
"186",259,631.960717983029,831.460797426108,258.860249711823,-94.1808943140961
"187",181,434.202129362005,747.653651407424,186.667589380874,101.068185031342
"188",1016,524.067855962124,664.696660257907,1017.05403021335,1329.89671527115
"189",699,966.505380705604,716.126785120592,698.880115964599,405.304615330171
"190",757,654.229883946494,713.619457129076,762.380528351882,783.406315048447
"191",910,667.479730948947,719.970284132602,920.221865836418,1008.76312050584
"192",807,727.16856308163,747.790264500155,789.560661922906,727.231996959534
"193",475,656.395116998878,756.458454481153,469.752830366031,289.803871795907
"194",260,530.165287673205,715.253484815191,267.137340408836,85.3667987518834
"195",711,519.831054265687,648.605261130762,718.392795409336,869.603804275139
"196",677,804.423764493516,657.73972940304,695.632030058944,584.121544127825
"197",538,712.511397478088,660.559395513866,557.600392883487,400.540627834004
"198",565,607.785723458052,642.616938664464,547.768395590689,596.400522545851
"199",672,622.771376490494,631.253969983599,665.099428966266,752.74382714107
"200",76,661.038855010676,637.219109435278,79.5019989850372,-245.345154339483
"201",80,351.663838497666,555.05772464807,110.098464462652,124.915995327694
"202",1229,447.179308329209,485.51019881592,1145.24946021681,1724.21430794085
"203",846,994.893388030391,594.355657948482,855.748225991441,489.27955599459
"204",701,573.584569150727,631.195899610287,687.760338667042,567.296396733138
"205",865,488.597242600821,641.415083981281,854.619820939596,948.811024386563
"206",612,614.110325198973,674.147480310612,625.861067648898,374.644856336954
"207",68,513.515447835605,665.049210209842,71.0342301541928,-288.376646129906
"208",37,341.640886640955,577.642368439414,50.3177156809912,7.93347299691774
"209",763,474.034504097895,498.493378465934,767.642437371654,1061.12613596244
"210",922,855.52668310202,537.216632797906,895.455128163407,1028.09668669462
"211",597,769.609787338093,593.54816848674,584.363736167036,447.465701684266
"212",678,504.507542324294,594.053509898701,664.963318921477,761.034042466082
"213",584,565.276168786059,606.343112584697,608.37804558445,517.726037713518
"214",146,528.061548834994,603.072124409932,120.747721820744,-221.727327647754
"215",78,356.396700515593,536.157655430179,84.645173135653,-19.0548006658443
"216",77,424.790936231369,469.084266822864,207.391543154108,44.3134651084355
"217",742,459.078389832442,411.683893646228,712.826098746585,1033.47583689229
"218",825,746.333389772088,460.041528408262,824.864509454775,897.961001707375
"219",654,611.59548193623,513.470737983775,679.098135374996,561.42696781357
"220",403,435.841248558331,534.043948297293,402.053564376155,225.352955397472
"221",106,329.081158427432,514.859369441946,113.022296329726,-165.847569696625
"222",101,265.117416276183,455.003153907202,116.40946352927,5.80893912929059
"223",664,359.129372191541,403.177781507959,619.618340526203,919.96159933637
"224",624,649.448707896222,441.361646409033,629.678785497257,603.858360182791
"225",359,513.226873756274,468.09954573215,408.494316864434,221.11435153643
"226",719,343.775509383169,452.127584681093,725.141722232961,1089.09310760337
"227",724,550.68836535043,491.197186616373,723.100900872904,729.535873351518
"228",157,508.248852277933,525.279065170372,147.169665784991,-208.813383883327
"229",99,241.057809680979,471.363727160974,119.84166371458,63.8082109564094
"230",878,339.039417832014,416.850402590012,872.712795534111,1209.80269189557
"231",807,761.556441486873,484.361805677112,768.791775887057,716.157859196186
"232",579,588.758207958951,531.59540906864,598.437602205444,438.885963777177
"233",662,443.464586985529,538.535348872384,586.177568742306,712.721607936888
"234",491,529.875918325456,556.61033338088,506.656124434282,338.635839841091
"235",84,472.734097176066,547.005108333665,156.279674550015,-226.40252627026
"236",62,338.991402516294,479.222062060483,80.7598677953081,50.8210658728393
"237",117,429.901561138848,418.141564610642,777.384996435016,158.738981934454
"238",486,477.489259989386,374.055025949666,720.645699247307,688.422738403948
"239",580,608.175813978125,390.443552165743,507.077003044272,665.820996728325
"240",1051,525.563820279668,418.194247014816,730.094348935042,1449.7165018483
"241",649,655.911366796466,510.835777020612,536.482637240504,524.280329271578
"242",411,348.440204212263,531.062750224461,38.0882170409413,140.656264403237
"243",207,298.751231557082,513.485797383834,292.479064533653,23.6249343987067
"244",693,308.926135622265,468.616873451422,475.142054722227,821.427769728837
"245",860,634.072276096428,501.466126248009,593.445235169108,1058.54800884722
"246",787,658.915949303358,553.954787210083,637.177750284965,682.601553778391
"247",830,576.937734528014,588.072152565151,1337.28210312792,890.815128674816
"248",843,610.734927509613,623.489918335523,812.832240124509,891.580835518483
"249",307,639.368309099806,655.625766850116,263.527774475703,46.4765315686632
"250",356,422.280840704293,604.587633444911,266.867111345782,433.679565029504
"251",674,579.81532000434,568.194887970936,551.739307062348,845.209962999158
"252",826,768.875651054806,583.684550342948,629.484300512359,941.08255145514
"253",908,776.195764044209,619.159060323893,796.559077395942,992.509639219217
"254",688,746.868542556067,661.444811446849,1227.58398098899,625.224945967902
"255",946,603.749730242098,665.33243934143,636.234065567608,1147.87681294905
"256",472,763.18729054888,706.421623691834,432.207564918991,142.838697270972
"257",428,523.377213318202,672.102754460942,297.56189674334,350.269422073776
"258",781,600.024468706883,636.366586537038,797.985752421963,1090.33032543233
"259",1147,811.966809985395,657.540636630549,636.937330858396,1470.45255010823
"260",553,921.830146067064,729.196534327912,860.878912097768,286.835921533537
"261",669,547.09952502088,703.401704801071,931.449407380325,846.452213834278
"262",2084,688.124833199633,698.365362206927,984.244317078075,2770.35500691
"263",449,1368.80835038228,901.219575002277,946.726492145451,-336.310320301888
"264",565,359.105906180607,835.015509806677,520.536243801901,653.315910332171
"265",1853,673.349783730946,795.485764958779,1034.77489014625,3104.7813941553
"266",1348,1384.75094711015,950.303789723833,1237.87168599167,1039.69786660732
"267",1431,956.905358871998,1008.52574049417,996.322251154656,1516.69222747375
"268",1094,1050.26967999467,1070.37514942267,1532.90736462306,765.300724795161
"269",1518,947.953630901789,1073.83378154369,1161.72134630851,1763.39974419764
"270",765,1275.15171094715,1138.85885102286,950.895945195441,286.488672952677
"271",746,924.300352983898,1084.1266432299,967.837928438419,703.319769739562
"272",1236,1078.3912996088,1034.62556107827,920.731878788463,1695.91535883854
"273",1133,1368.06079113747,1064.10638680996,1238.91867890131,1051.02753928879
"274",1588,1222.59544499291,1074.19227762787,772.997450187087,2073.19588223476
"275",1945,1393.19154787908,1149.41272767088,1299.91753661249,2294.79678107733
"276",1363,1448.63215965,1265.88515513225,1027.3434764082,1066.88280106975
"277",258,1083.48521219005,1280.10257931397,916.189640253662,-460.373065551428
"278",362,685.149785579539,1130.46875199203,841.821290295319,524.678281835904
"279",734,1018.19708755243,1017.96642310146,1142.21027033461,967.918834644426
"280",2071,1256.69529902135,976.394291713123,1216.927071051,2742.60475868459
"281",1646,1769.49848752588,1136.64243593496,1378.48643215744,1518.78978673281
"282",1765,1220.21339147908,1211.21139146738,1369.41693290014,1912.66371221045
"283",1746,1223.32633998105,1292.28496539148,1547.87657194577,1790.39876677779
"284",418,1217.21834196846,1358.7079629614,677.005994986224,-237.274645623325
"285",709,663.682709119049,1220.99014897778,342.315026759857,908.316766138083
"286",1946,1128.63408740809,1146.03578814044,1424.0061774925,2563.41687252389
"287",1915,1778.71576959699,1263.14899102607,1421.91669806458,1989.54149190884
"288",1457,1528.42029697524,1358.57870942274,1716.75452680904,1254.44463839081
"289",1109,1229.72472494725,1372.98739471236,1217.28268639651,762.237332359718
"290",387,1153.97977016033,1334.34015417602,857.067552961079,-167.590177461204
"291",603,945.502556123029,1195.65140031311,319.631418313056,555.973005606492
"292",442,1230.36819099639,1108.88838934793,449.054922513492,288.459125766474
"293",1778,1138.39916347229,1011.25722774605,1301.19723185154,2382.45591954505
"294",2512,1711.66882175921,1123.50687656389,1151.98860057238,3155.56385369056
"295",1882,1712.07166809233,1326.77956609119,1439.64235318063,1545.53968058471
"296",827,1135.01743628241,1408.06275646225,1290.93410048328,85.8604730019297
"297",332,715.168608105563,1322.99630039084,929.124514682153,-212.869596064042
"298",215,792.022501506642,1177.91637173153,305.671774980571,-55.9816801266415
"299",305,981.889172220489,1036.94728994929,723.808535455089,303.612908396055
"300",1491,1106.06516935805,929.791631985343,1086.82660845269,1988.68987690105
"301",1604,1594.39974838102,1011.95144424949,1210.21172610506,1690.42005996461
"302",1511,1313.00439874717,1098.6261999446,1237.73852447054,1524.45778433424
"303",1250,1082.39784337487,1158.99692127767,1145.47305380999,1098.29925847994
"304",1190,923.431937162518,1172.31959479684,692.107951603708,1105.88000490318
"305",1146,973.754456453053,1174.90797169041,312.595495934193,1078.71018006459
"306",719,1037.51038519454,1170.67590092599,811.540072387,378.867815497786
"307",1482,909.843638650009,1104.55142855649,1283.8702723258,1786.62349908201
"308",1803,1388.17213862133,1159.80916442895,1219.87301311072,2111.24688408224
"309",1412,1436.19782242215,1253.97105030296,1210.20558728635,1037.01749122452
