"","OBS","ARIMA","ETS","NNAR","FTS_GA"
"1",2,1.99910557294605,-1.04181818181818,NA,NA
"2",2,2.00268327122272,6.80305789516203,518.477060774632,NA
"3",7,2.96069632019495,6.10089885775074,518.477060774632,NA
"4",8,10.6573335859153,11.2319150155562,523.370408742034,NA
"5",8,8.23457654238839,11.7593265670219,524.349082165412,NA
"6",18,9.1602548730328,11.2091892423425,524.349082165412,NA
"7",19,24.5400919588963,22.2019920169878,534.135886609205,NA
"8",28,19.5341001803788,22.7343691808782,535.114574074178,NA
"9",31,33.5877403812553,32.5041650344807,543.922818694569,NA
"10",33,32.8427006122781,35.2847025252598,546.858923207605,NA
"11",37,35.4375648621427,36.950406701089,548.816332597213,NA
"12",42,41.1737039701612,40.9574313766754,552.731166690079,NA
"13",42,46.5981995135309,46.1099154830281,557.624738017636,NA
"14",46,44.0462352492142,45.5089308804866,557.624738017636,NA
"15",48,50.7552508966685,49.5803403173847,561.539618047536,NA
"16",57,51.2630649587558,51.3492593788502,563.497065718009,NA
"17",68,63.5450446783487,61.1755410217984,572.3056433889,NA
"18",73,74.0859363577388,73.17420613224,583.071823091566,NA
"19",77,75.5590412503112,78.149410468168,587.965592160253,309.201227637717
"20",87,80.3905160356404,81.9812879214069,591.880630372994,310.695715742986
"21",95,94.2510542153101,92.7151763778348,601.668315176954,321.522424175282
"22",106,100.803024420137,101.049841428919,609.498554833408,328.285865703519
"23",136,113.635972858891,112.774047189107,620.265267599651,358.285865703519
"24",176,152.41760636913,146.171415527432,649.629813639607,372.091797899842
"25",201,194.02066702416,190.536268715513,688.784325613757,403.855446402794
"26",223,210.348398762415,217.069607772401,713.256930444972,429.963426257142
"27",352,235.363230773548,239.937994015094,734.793480907349,534.938371124956
"28",401,418.677339464604,385.328030122986,861.088370740443,572.633727437101
"29",555,414.274272009975,436.631316261975,909.06639055608,691.716077354606
"30",684,631.264717657126,607.944699400502,1059.87428663921,804.976044024042
"31",816,740.324146221825,748.079880279008,1186.22350635265,937.974063739891
"32",960,883.212547515939,890.021031683236,1315.53286016505,1088.95253112567
"33",1154,1044.9520954591,1044.26248291654,1456.62268694048,1350.79960850016
"34",1284,1273.14818460787,1254.31896072874,1646.7433176889,1405.27668786034
"35",1484,1376.07012881995,1388.67088760529,1774.17019742775,1705.44015036734
"36",1683,1630.03651635576,1602.61605757206,1970.25290328193,1904.66197480497
"37",2006,1830.22128906608,1813.38201242781,2165.40481734124,2407.10894446381
"38",2193,2218.18838037313,2164.56107677277,2482.26393081922,2387.31652859256
"39",2459,2328.6552823943,2355.73962952041,2665.76786861937,2814.44651617887
"40",2690,2662.46655177477,2636.84464826062,2926.869359027,2987.47988569973
"41",2908,2883.17201680707,2875.62912397546,3153.686131517,3175.53872829177
"42",3298,3111.30204790233,3098.36878926375,3367.79842319527,3668.41239257693
"43",3604,3595.74477573868,3517.56875879437,3750.98833345833,3975.10791804303
"44",3999,3839.94038164449,3836.22958334214,4051.77465991931,4373.8990162075
"45",4507,4291.55166822627,4255.04394550487,4440.21219876963,5037.32187164841
"46",4898,4851.30785204615,4799.90964057304,4940.04834572063,5269.70790896149
"47",5358,5178.63160444598,5205.28088353186,5324.97482208189,5849.99557905073
"48",5724,5706.23773735442,5687.62637555879,5778.06180974454,6092.79668112645
"49",6194,6044.9856764654,6058.96141429837,6138.73972859909,6707.83848199351
"50",6876,6600.82390941517,6548.71489684858,6602.13548739525,7517.48311546239
"51",7334,7385.57152685094,7278.59494341781,7275.00876147133,7821.55129678033
"52",8145,7709.9492159978,7744.73085237186,7727.18039464192,8976.18111938578
"53",8643,8732.01222908213,8614.27709466594,8528.44636209426,9208.9788890007
"54",8863,9051.44700414987,9116.51794948861,9020.83701058594,9135.30478690141
"55",9325,9208.22313787601,9299.44297473332,9238.44737316905,9821.42406858127
"56",9881,9874.12132524412,9765.15541888543,9695.60427727928,10495.9201385301
"57",10824,10458.5823922474,10338.1006322561,10246.0882046942,11723.3365700168
"58",11587,11548.2956706946,11352.1766254864,11180.504187481,12412.5812866508
"59",12470,12139.6703158856,12149.5689273764,11937.2597844852,13327.6973478151
"60",13275,13095.1668682672,13079.4565292916,12813.8041648659,14115.4621852991
"61",13768,13873.8299654212,13913.0874642297,13613.6288811713,14326.0712826739
"62",14309,14269.2005340217,14384.8874953643,14103.7893489375,14911.4858930428
"63",14901,14934.3048814364,14914.7741842177,14641.9584612592,15511.0309006128
"64",15588,15587.7953430754,15504.7520736579,15231.1990543956,16281.2622943838
"65",16209,16317.8996517991,16203.9259834994,15915.4349179648,16812.3982538375
"66",18488,16879.6947412078,16825.6764016201,16534.3363123555,20228.8065585225
"67",19452,19926.3720746216,19347.7972920245,18808.8121287697,20439.0014860882
"68",20094,19970.7096493678,20327.2035477768,19772.3620183472,20713.4076708765
"69",21242,20651.8414736409,20935.1071714754,20414.5318219457,22364.71954471
"70",22560,22232.4070010234,22127.9679490704,21563.7526771166,23886.2658677905
"71",23911,23639.7926219576,23509.1847753157,22884.5716509865,25233.7678636357
"72",25760,24998.3056215735,24918.9948058245,24239.9879280877,27644.1120174109
"73",26786,27097.2848853308,26891.034815242,26097.4481355206,27858.901644216
"74",27759,27687.9768687323,27901.7572376204,27129.3053547432,28776.970176049
"75",28366,28818.2924172559,28853.8680091077,28108.6014825563,28965.1311035494
"76",28854,29362.6096711488,29389.5014037617,28719.8864491753,29409.2160405248
"77",29919,29901.0969956133,29799.1337381188,29211.5266258091,31003.9988361966
"78",30713,31261.6656487858,30881.6110201031,30285.0631096386,31561.152001211
"79",32255,31774.2663135689,31650.9630835164,31085.9441605031,33822.3301521378
"80",33427,33610.4787106062,33281.2886376203,32642.5269253825,34597.0079832111
"81",34450,34419.7208453593,34474.659825679,33826.6491110058,35523.4859295968
"82",34900,35372.4909090436,35494.0678174241,34860.9345173491,35427.8399425235
"83",35508,35601.8327747162,35857.1809469214,35316.1006592693,36107.2914613312
"84",36463,36419.5020851684,36414.0526490694,35931.2719974521,37446.6774185272
"85",37507,37542.5987513778,37376.1764385662,36897.969727954,38585.4282612541
"86",38511,38534.2263292672,38439.31471732,37955.3449377784,39571.3624821795
"87",39361,39445.8065724916,39453.8120141754,38972.7649450263,40211.5310485648
"88",40242,40198.7585893276,40290.2451166396,39834.5377286217,41097.7547488559
"89",40705,41118.0315505654,41164.1798242397,40728.1232963663,41203.6301590918
"90",41010,41392.807497928,41560.0184146894,41197.8891981861,41432.4936868033
"91",41935,41702.7746693651,41784.5304569919,41507.4019705539,42857.1365522544
"92",42994,42956.4773816283,42731.482119184,42446.3523164566,44072.2642837644
"93",43872,43940.9727964913,43828.8912863544,43521.794394265,44725.0495927337
"94",44671,44635.8376371334,44713.2223361976,44413.7902978481,45511.437267734
"95",45261,45397.357967803,45506.0514900163,45225.8008354039,45860.1223460734
"96",45507,45916.6787307731,46060.2076674965,45825.5691333147,45890.7978431555
"97",46427,46060.3322748563,46225.2746874883,46075.681240935,47339.4942815972
"98",47446,47376.1853098415,47174.7223583221,47011.2578161489,48517.5002540041
"99",48626,48323.2921931352,48233.417796272,48047.8599689318,49755.7114836509
"100",49720,49502.5264150444,49470.8613883542,49248.6735191602,50799.5032380687
"101",51118,50508.3872808332,50601.3380081802,50362.3537284539,52456.3813763515
"102",52113,52075.9542628865,52074.9264697429,51785.9945333882,53163.7006269361
"103",52494,52875.9581731637,53075.5465260341,52799.550632876,52883.8404193342
"104",52831,53089.5012170323,53371.4972106833,53187.7184121714,53193.8473549349
"105",54022,53597.7936392962,53629.3895220909,53531.085734842,55230.5988354932
"106",55136,55259.9778192653,54877.7560577038,54744.7817666943,56224.0846259148
"107",55804,56169.6855283411,56029.5643654017,55880.2588329753,56460.4922903551
"108",57089,56559.7898783705,56664.6006518719,56561.2399097632,58405.7177441323
"109",58107,58189.5307923467,58011.6479147998,57871.3997874378,59177.9423461162
"110",58476,58988.6229662887,59043.6359233408,58909.4834491009,58840.2053463935
"111",58858,59079.7761391711,59329.6268089888,59285.7914945811,59223.3004480452
"112",59705,59611.3897351184,59642.5930381606,59675.3710090813,60577.2385477779
"113",61119,60713.0489086904,60498.6730940195,60539.2217778215,62517.0264076825
"114",62362,62283.5294523236,62003.4042193728,61981.4605155237,63656.3831651352
"115",63457,63276.4775521767,63298.9120944927,63249.3542129491,64536.3716057923
"116",65129,64282.3968053881,64417.0688449547,64366.3038579127,66705.5663402116
"117",65642,66278.3625210926,66193.2069677048,66071.7895220947,66227.1430182465
"118",66151,66202.9580526169,66625.6623117071,66595.0431093153,66731.7241803802
"119",67604,66955.3749225985,67065.1862316421,67114.2022675868,69080.7213668272
"120",68767,68958.1700787567,68596.9420718367,68596.0982534495,69919.6574175063
"121",70100,69833.6092949883,69784.8675030707,69782.0815207717,71421.7856482232
"122",71370,71238.5345484867,71163.9736929032,71141.2184286577,72683.3071332853
"123",72470,72456.1646611254,72464.137247754,72435.8711169353,73550.882635022
"124",72901,73499.5763177419,73565.0153010964,73556.9931514572,73330.563223562
"125",73576,73680.2784302811,73898.9014300839,73996.2041834238,74257.2853826706
"126",74960,74625.9255765694,74526.609603444,74683.98433304,76317.0051579136
"127",76091,76330.2732079156,75973.9621018524,76093.86025823,77194.5784666033
"128",77423,77168.459463423,77122.1226322881,77245.6462484127,78741.1447823328
"129",78509,78560.0764415837,78498.1386588929,78601.6666551696,79588.0758809992
"130",79452,79485.4170884007,79585.7572593277,79706.8499537241,80464.1874527399
"131",80115,80406.6785720823,80509.1958993642,80666.1924225627,80777.9074240378
"132",80441,80997.9951924293,81114.5300533411,81340.4970711475,80844.5916166734
"133",81382,81242.9752402242,81341.9846051557,81671.9972988365,82339.1688706952
"134",83240,82541.8586127488,82288.7696256426,82628.6499631705,84940.0326271679
"135",85042,84696.3318462488,84285.8942498097,84516.5228516516,86844.3898398155
"136",86752,86221.7640713066,86198.5723828613,86346.0784698303,88500.6593484796
"137",88466,87828.2815340328,87989.5886455914,88080.8241063493,90220.4905064046
"138",89132,89603.3420330588,89773.3207511018,89818.149373901,89785.019417837
"139",89678,89879.0481302472,90345.5730969655,90492.7909264259,90283.4514560618
"140",91536,90668.4982385945,90793.8741567611,91045.6926127864,93359.1407388085
"141",93373,93290.2599587425,92760.3457730709,92925.8970395596,95178.0715286484
"142",95005,94901.8967675522,94687.0227272248,94782.8036234797,96669.3278524408
"143",96746,96353.6805625724,96365.5892423939,96430.6777386531,98529.2524908677
"144",97970,98178.1283539069,98162.2573905741,98186.6288055863,99239.5479363166
"145",98401,99188.6257804446,99358.1771522632,99419.8575133737,98830.563223562
"146",98833,99390.2470545452,99649.1675650907,99853.8468506399,99264.5433169455
"147",100321,100030.89216078,99961.7045960595,100288.704431941,101852.807519323
"148",101395,102044.76957447,101502.171118892,101785.461695958,102512.26457992
"149",102872,102664.319253946,102560.532920329,102864.709222665,104394.849471839
"150",104113,104255.54152736,104083.075302888,104347.405076813,105397.409290987
"151",105381,105257.581392682,105328.483042018,105591.786691814,106688.962431458
"152",105381,106531.327385069,106604.166815664,106861.87530409,105893.743935877
"153",105982,105942.404516882,106425.279832805,106861.87530409,106599.522408338
"154",107375,107066.066501167,106961.326337461,107463.371172798,108745.620883344
"155",108842,108769.533382947,108414.783157669,108856.268812718,110350.798084521
"156",110409,110046.58674317,109944.30642351,110321.222617897,111978.431360972
"157",111773,111542.576494528,111579.312141549,111883.771598151,113108.099990765
"158",112958,112769.101942433,112971.686115761,113241.935080942,114154.329495164
"159",113183,113936.435397222,114154.703847751,114420.341842177,113490.552269993
"160",113788,113817.890514447,114237.587543051,114643.927204052,114386.864020001
"161",115217,114844.466631143,114776.736674688,115244.862538636,116655.574965553
"162",116359,116656.702579729,116270.081691077,116662.730953632,117476.724666274
"163",117431,117464.963578484,117425.130325006,117794.258906857,118508.509269643
"164",118027,118461.766953399,118497.997677978,118855.127293462,118625.562629061
"165",119140,118832.489602105,119025.11328024,119444.384513463,120227.411688182
"166",119357,120275.42177546,120154.868739043,120543.716244376,119636.714873739
"167",119958,119998.794186071,120255.189259599,120757.886291024,120556.568124274
"168",121078,120902.138275562,120812.644536159,121350.76435476,122170.669200367
"169",122147,122204.360982167,121971.423935634,122454.502994272,123224.655956052
"170",123146,123089.565680799,123066.129062126,123506.595373843,124221.843767554
"171",124151,123990.019404053,124076.828014448,124488.550334237,125212.295794882
"172",125094,124994.171420201,125092.683903759,125475.170694063,126104.930675971
"173",125539,125923.097587962,126035.883805727,126399.784542657,126063.402205643
"174",127287,126172.080590396,126408.213019838,126835.720231601,128904.233952492
"175",128724,128647.46758506,128284.68885615,128545.671053321,130173.232252683
"176",130199,129739.593049387,129786.02747347,129948.424046495,131698.264767879
"177",131230,131239.460677307,131321.470024706,131385.427095145,132306.356954428
"178",131961,132107.66491786,132339.133532301,132388.12691152,132743.920495342
"179",132152,132848.339790188,133014.821090615,133098.181400215,132404.439490914
"180",132420,132928.043879288,133079.592802002,133283.587301725,132777.456638821
"181",132590,133376.389361078,133251.038852709,133543.652812774,132786.11660191
"182",133579,133487.317755663,133324.293740045,133708.568047039,134622.008250918
"183",134619,134791.652962065,134350.47926654,134667.186158809,135697.078933547
"184",135643,135594.74229059,135429.776796468,135673.750526506,136716.922663173
"185",136413,136455.6109191,136484.988259489,136663.321412588,137238.246356115
"186",136672,137044.947615934,137244.481061948,137406.435672223,137019.245265701
"187",136853,137106.189452362,137419.746592921,137656.198452162,137034.754060457
"188",137869,137377.050112332,137517.800751138,137830.68490345,138938.750433043
"189",138568,138835.491574934,138585.10813068,138809.229030064,139324.166962887
"190",139325,139222.222923144,139281.64113544,139481.572453001,140144.808729767
"191",140235,139992.477264495,140044.980803205,140208.880697855,141129.502097885
"192",141042,140962.172078561,140982.776082558,141082.044729669,141889.883584586
"193",141517,141698.403467785,141798.45678369,141855.324541436,142041.339620093
"194",141777,142047.172448666,142232.298711675,142310.010170844,142125.528087856
"195",142488,142296.830979564,142425.681602571,142558.743470448,143232.064800006
"196",143165,143292.419951989,143145.750338684,143238.398681561,143866.978622863
"197",143703,143877.507616523,143825.571898925,143884.820835248,144306.276290366
"198",144268,144310.78075613,144345.647274289,144398.008586741,144879.450661775
"199",144940,144890.76515213,144899.278841542,144936.459463589,145603.700451109
"200",145016,145601.03349219,145577.226681001,145576.222713839,145178.740483855
"201",145096,145367.653837835,145571.149475719,145648.531574458,145238.463055539
"202",146325,145543.160862143,145581.601144142,145724.636188706,147485.655154066
"203",147171,147319.881215947,146919.278188526,146892.501473459,148015.112446325
"204",147872,147744.584081754,147802.167697754,147694.998903,148594.902457182
"205",148737,148360.603120368,148513.406081963,148359.067594214,149581.144071596
"206",149349,149351.12200628,149411.114424334,149177.382384243,149957.007476198
"207",149417,149862.529513029,150014.052345442,149755.603616822,149567.06034285
"208",149454,149758.647362383,149994.725231626,149819.811957294,149640.825811769
"209",150217,149928.028187785,149952.582643356,149854.74560969,151042.581286651
"210",151139,151072.516664828,150754.200483666,150574.623955242,152055.306714954
"211",151736,151908.605089604,151732.505145554,151443.210871231,152335.864822768
"212",152414,152240.506519808,152330.054766371,152004.858385314,153089.102339603
"213",152998,152979.277410866,153020.332386939,152641.973189686,153597.788009302
"214",153144,153526.064393291,153601.074596688,153190.125397381,153287.550987071
"215",153222,153500.394909794,153680.22367543,153327.071818579,153362.369488914
"216",153299,153646.780331264,153691.161215751,153400.219918707,153440.276188847
"217",154041,153758.05948506,153710.760496699,153472.419928846,154841.778757467
"218",154866,154787.315640779,154501.019904978,154167.639997788,155704.710386302
"219",155520,155477.586669652,155379.432493613,154939.504153665,156154.2469738
"220",155923,155955.840476053,156054.027465681,155550.536323515,156478.719660072
"221",156029,156252.083605371,156437.878320045,155926.684859669,156158.011618856
"222",156130,156294.116722104,156484.065393945,156025.574624349,156254.247094916
"223",156794,156489.122592542,156533.241251573,156119.781314386,157443.639308589
"224",157418,157443.44249781,157235.342677446,156738.67069488,158022.935193583
"225",157777,157931.22557571,157886.083001867,157319.56344232,158153.747688374
"226",158496,158120.775714687,158229.147517135,157653.447994883,159256.373592982
"227",159220,159046.691894094,158987.164674557,158321.452234054,159990.098575695
"228",159377,159728.258030485,159745.24430911,158993.160716203,159519.166108873
"229",159476,159618.06510001,159848.410635571,159138.696134593,159601.239667911
"230",160354,159815.038957977,159892.907504399,159230.443891357,161202.187755003
"231",161161,161115.556871619,160838.306575608,160043.345785777,162001.381704079
"232",161740,161749.765023686,161692.547684895,160789.269402096,162342.074302728
"233",162402,162183.474149391,162278.520019577,161323.711333071,163048.355586461
"234",162893,162931.886654975,162958.58412553,161934.006995796,163447.711005057
"235",162977,163365.743871761,163440.004578098,162386.133151897,163112.252370044
"236",163039,163315.99356581,163456.282051307,162463.437695795,163195.476211072
"237",163156,163468.892931682,163457.20684791,162520.487375952,163278.267568662
"238",163642,163633.471755848,163530.112604066,162628.126114042,164187.849227483
"239",164222,164250.156339076,164032.446383782,163074.967155718,164822.652003571
"240",165273,164747.548539816,164640.180424469,163607.655119666,166310.647658203
"241",165922,165928.90770914,165783.751361389,164571.308696148,166549.563517925
"242",166333,166270.447029682,166453.03397992,165165.32739704,166727.897883623
"243",166540,166631.761091023,166846.492436397,165541.09435188,166780.900619447
"244",167233,166848.93305332,167008.654887567,165730.227208079,167938.85061277
"245",168093,167867.078961053,167734.435455582,166362.814359115,168938.447961219
"246",168880,168751.927273904,168646.899157207,167146.560147674,169718.736692601
"247",169710,169456.953135429,169468.026797369,167862.526968185,170550.379670584
"248",170553,170320.753105766,170333.439501253,168616.309513541,171391.361786332
"249",170860,171192.388414758,171208.575159666,169380.521503831,171230.97746956
"250",171216,171282.295495457,171464.616837267,169658.482712177,171598.353371736
"251",171890,171795.820247749,171784.220930161,169980.57692284,172557.427138556
"252",172716,172658.875397505,172473.666606687,170589.699780726,173554.613152222
"253",173624,173492.195596589,173335.119255262,171334.964788917,174515.148057198
"254",174312,174370.871459453,174285.393267393,172152.648189224,175007.339837004
"255",175258,174915.754186731,174977.313484095,172771.116389687,176223.160762404
"256",175730,176021.194394659,175964.367486435,173619.956443137,176248.082609134
"257",176158,176253.383070828,176402.118531677,174042.803618335,176581.744987084
"258",176939,176758.02440448,176794.391939562,174425.84262273,177775.813051423
"259",178086,177750.964739959,177596.516935666,175123.83966825,179193.215349814
"260",178639,179007.833443921,178815.119933352,176146.681361489,179250.088343341
"261",179308,179186.104148932,179342.410761239,176638.856974389,179966.262304328
"262",181392,179996.127118162,180006.360457313,177233.431509625,183103.97029967
"263",181841,182760.825199813,182293.011430533,179079.642255849,182308.548867685
"264",182406,182200.128133745,182676.041836033,179476.224671204,183012.363140224
"265",184259,183079.363705618,183201.502105806,179974.664376693,186193.907629609
"266",185607,185643.771191861,185209.137698832,181604.650291603,186975.24002913
"267",187038,186563.934775526,186615.432158571,182785.83991748,188444.523359184
"268",188132,188088.302973651,188108.273911077,184035.510132549,189233.825291475
"269",189650,189079.985297747,189205.786195055,184987.913888768,191190.911222444
"270",190415,190925.181966907,190788.756321926,186305.149769033,191242.271854516
"271",191161,191339.322427157,191499.137639627,186967.074863988,191967.483311627
"272",192397,192239.398585083,192195.646497379,187611.328544481,193683.335200006
"273",193530,193765.059931913,193461.061300532,188676.064352006,194635.913165471
"274",195118,194752.5909933,194604.163954638,189649.11462505,196682.207373307
"275",197063,196511.189747587,196267.321088946,191008.142903491,199039.340976544
"276",198426,198511.641767403,198328.743181983,192665.032242484,199759.158814728
"277",198684,199509.501815394,199706.046898506,193821.071164347,199108.602405393
"278",199046,199369.154676706,199814.578850583,194039.424183486,199465.574902227
"279",199780,200064.182491053,200064.069402016,194345.54171,200568.088173811
"280",201851,201036.668142568,200756.446431104,194965.321923887,203878.136227255
"281",203497,203620.480000082,202987.500137419,196707.442594884,205125.626647462
"282",205262,204717.2111549,204708.1256699,198085.060037265,207052.28197873
"283",207008,206485.338134824,206554.182600998,199555.347687721,208794.53037334
"284",207426,208225.242935404,208366.610309685,201002.71380336,207831.852456827
"285",208135,208089.701500185,208647.08829738,201348.1682722,208902.511362423
"286",210081,209263.637624507,209281.099594671,201933.18705391,212058.987688295
"287",211996,211859.720252791,211344.036485005,203532.852111589,213916.098147038
"288",213453,213524.435129788,213354.468332403,205098.347339465,214945.445018111
"289",214562,214682.743596941,214825.944125889,206283.629432651,215660.522540157
"290",214949,215715.993981178,215896.351270079,207182.435589671,215317.557511924
"291",215552,215894.50053284,216144.771581096,207495.397235124,216211.719941499
"292",215994,216782.347831441,216660.98200423,207982.323916467,216446.285219375
"293",217772,217132.363357175,217005.374369079,208338.690991972,219567.26110903
"294",220284,219483.635816882,218895.429220352,209767.501858478,222560.262671681
"295",222166,221996.063741054,221610.589014405,211773.221783921,224023.303694937
"296",222993,223301.033187427,223573.958608951,213265.937979167,223864.281113421
"297",223325,223708.188179222,224316.047021219,213919.16283757,223691.253170782
"298",223540,224117.028726558,224503.044975585,214180.933504815,223946.638944168
"299",223845,224521.875429202,224577.097306723,214350.310755299,224216.221306724
"300",225336,224951.032837324,224774.929307115,214590.397267543,226859.525439257
"301",226940,226930.366612056,226347.914548924,215760.805510366,228522.808965655
"302",228451,228252.984608571,228038.565142177,217013.85802527,230001.841432545
"303",229701,229533.392843035,229609.944337666,218188.496815775,230978.181446897
"304",230891,230624.437595803,230873.302783343,219156.000027957,232097.559722217
"305",232037,231864.766161815,232065.900167592,220073.490486805,233160.633269112
"306",232756,233074.524715616,233207.675191508,220953.756246017,233516.373592982
"307",234238,233665.853070001,233860.613294413,221504.378551064,235766.923030107
"308",236041,235626.180747355,235397.762186189,222635.283270277,237837.397936104
"309",237453,237477.214569621,237294.875611872,224003.797799067,238857.641222912
